32
18
1

122 1 122 1 122 1 122 1 122 1 122 1 122 1 122 1 122 1 122 1 122 1 122 1 122 1 122 1 122 1 122 1 122 1 122 1 122 1 122 1 122 1 122 1 122 1 122 1 122 1 122 1 120 1 47 1 47 1 47 1 47 1 47 1 
122 1 122 0 122 0 122 0 122 0 122 0 122 0 122 0 122 0 73 1 73 1 73 1 73 1 73 1 73 1 73 1 73 1 73 1 73 1 122 0 122 0 122 0 122 0 122 0 122 0 122 0 263 0 120 0 47 0 47 0 47 0 47 0 
122 1 122 0 122 0 122 0 122 0 122 0 122 0 122 0 73 1 73 1 47 0 47 0 47 0 47 0 47 0 47 0 47 0 47 0 73 1 73 1 122 0 122 0 122 0 122 0 122 0 122 0 122 0 263 0 120 0 47 0 47 0 47 0 
122 1 122 0 122 0 122 0 122 0 122 0 122 0 122 0 73 1 385 1 47 0 47 0 47 0 335 1 335 1 47 0 47 0 47 0 385 1 73 1 122 0 122 0 122 0 122 0 122 0 122 0 122 0 122 0 122 0 119 0 119 0 119 0 
122 1 122 0 122 0 122 0 122 0 122 0 122 0 122 0 73 1 431 1 47 0 47 0 47 0 47 0 47 0 47 0 47 0 47 0 431 1 73 1 122 0 122 0 122 0 122 0 122 0 122 0 122 0 122 0 165 0 165 0 165 0 165 0 
122 1 122 0 122 0 122 0 122 0 122 0 122 0 122 0 73 1 73 1 47 0 47 0 47 0 47 0 47 0 47 0 47 0 47 0 73 1 73 1 122 0 122 0 122 0 122 0 122 0 122 0 122 0 143 0 47 0 47 0 47 0 47 0 
122 1 122 0 122 0 122 0 122 0 122 0 122 0 122 0 122 0 73 1 69 0 70 0 70 0 47 0 47 0 70 0 70 0 71 0 73 1 122 0 122 0 122 0 122 0 122 0 122 0 122 0 122 0 143 0 47 0 47 0 47 0 47 0 
122 1 122 0 122 0 122 0 122 0 122 0 122 0 122 0 122 0 73 1 73 1 73 1 74 1 103 0 104 0 72 1 73 1 73 1 73 1 122 0 122 0 122 0 122 0 122 0 122 0 122 0 122 0 263 0 119 0 120 0 47 0 47 0 
122 1 122 0 122 0 122 0 122 0 122 0 122 0 122 0 122 0 122 0 122 0 122 0 73 1 172 0 173 0 73 1 122 0 122 0 122 0 122 0 122 0 122 0 122 0 122 0 122 0 122 0 122 0 122 0 122 0 143 0 47 0 47 0 
122 1 122 0 122 0 122 0 122 0 122 0 122 0 122 0 122 0 122 0 122 0 122 0 73 1 172 0 173 0 73 1 122 0 122 0 122 0 122 0 122 0 122 0 122 0 122 0 122 0 122 0 122 0 122 0 122 0 263 0 120 0 47 0 
122 1 122 0 122 0 122 0 122 0 122 0 122 0 122 0 122 0 122 0 122 0 122 0 73 1 172 0 173 0 73 1 122 0 122 0 122 0 122 0 122 0 122 0 122 0 122 0 122 0 122 0 122 0 122 0 122 0 122 0 143 0 47 0 
122 1 122 0 122 0 122 0 122 0 122 0 122 0 122 0 122 0 122 0 122 0 122 0 73 1 172 0 173 0 73 1 122 0 122 0 122 0 122 0 122 0 122 0 122 0 122 0 122 0 122 0 122 0 122 0 122 0 122 0 143 0 47 0 
122 1 122 0 122 0 122 0 122 0 122 0 122 0 122 0 122 0 122 0 122 0 122 0 122 0 122 0 122 0 122 0 122 0 122 0 122 0 122 0 122 0 122 0 122 0 122 0 122 0 122 0 122 0 122 0 122 0 122 0 143 0 47 1 
122 1 122 0 122 0 122 0 122 0 122 0 122 0 122 0 122 0 122 0 122 0 122 0 122 0 122 0 122 0 122 0 122 0 122 0 122 0 122 0 122 0 122 0 122 0 122 0 122 0 122 0 122 0 122 0 122 0 122 0 143 0 47 1 
122 1 122 0 122 0 122 0 122 0 122 0 122 0 122 0 122 0 122 0 122 0 122 0 122 0 122 0 122 0 122 0 122 0 122 0 122 0 122 0 122 0 122 0 122 0 122 0 122 0 122 0 122 0 122 0 122 0 122 0 143 0 47 1 
122 1 122 0 122 0 122 0 122 0 122 0 122 0 122 0 122 0 122 0 122 0 122 0 122 0 122 0 122 0 122 0 122 0 122 0 122 0 122 0 122 0 122 0 122 0 122 0 122 0 122 0 122 0 122 0 122 0 122 0 143 0 47 1 
122 1 122 0 122 0 122 0 122 0 122 0 122 0 122 0 122 0 122 0 122 0 122 0 122 0 122 0 122 0 122 0 122 0 122 0 122 0 122 0 122 0 122 0 122 0 122 0 122 0 122 0 122 0 122 0 122 0 122 0 143 0 47 1 
122 1 122 1 122 1 122 1 122 1 122 1 122 1 122 1 122 1 122 1 122 1 122 1 122 1 122 1 122 1 122 1 122 1 122 1 122 1 122 1 122 1 122 1 122 1 122 1 122 1 122 1 122 1 122 1 122 1 122 1 143 1 47 1 
32
18
2

226 250 250 250 250 250 250 250 250 250 250 250 250 250 250 250 250 250 250 250 250 250 250 250 250 250 250 250 250 250 250 250 
229 -1 -1 -1 -1 -1 -1 -1 235 -1 -1 -1 -1 -1 -1 -1 -1 -1 -1 -1 -1 235 -1 -1 -1 -1 -1 -1 -1 -1 -1 -1 
229 -1 325 -1 -1 -1 -1 -1 -1 -1 -1 231 231 231 231 231 231 -1 -1 -1 -1 -1 -1 -1 -1 -1 -1 -1 -1 -1 -1 -1 
229 -1 -1 -1 -1 -1 -1 -1 -1 295 -1 231 -1 -1 -1 -1 231 -1 297 -1 -1 -1 -1 -1 -1 -1 -1 -1 -1 -1 -1 -1 
229 -1 -1 -1 -1 253 -1 -1 -1 295 -1 231 -1 140 140 -1 231 -1 297 -1 -1 -1 -1 -1 -1 -1 -1 -1 -1 -1 -1 -1 
229 -1 -1 -1 -1 -1 -1 -1 -1 -1 -1 231 -1 -1 -1 99 231 -1 -1 -1 -1 255 -1 -1 -1 -1 -1 -1 -1 -1 -1 -1 
229 -1 -1 -1 -1 -1 -1 -1 -1 -1 -1 231 -1 -1 -1 -1 231 -1 -1 -1 -1 -1 -1 -1 -1 -1 209 -1 -1 -1 -1 -1 
229 -1 209 -1 -1 -1 -1 -1 -1 -1 -1 -1 -1 -1 -1 -1 -1 -1 -1 -1 -1 -1 -1 -1 -1 -1 -1 -1 -1 -1 -1 -1 
229 -1 -1 -1 -1 -1 -1 -1 -1 -1 -1 -1 -1 -1 -1 -1 -1 -1 -1 -1 -1 -1 -1 -1 -1 -1 -1 -1 -1 -1 -1 -1 
229 -1 -1 -1 -1 322 -1 -1 -1 -1 -1 -1 -1 -1 -1 -1 -1 -1 -1 -1 -1 -1 -1 -1 -1 -1 -1 -1 -1 -1 -1 -1 
229 -1 -1 -1 -1 -1 -1 -1 -1 325 -1 -1 -1 -1 -1 -1 -1 -1 -1 -1 -1 255 -1 -1 -1 -1 -1 -1 -1 -1 -1 -1 
229 -1 -1 -1 -1 -1 -1 -1 -1 -1 -1 -1 -1 -1 -1 -1 -1 -1 -1 -1 -1 -1 -1 209 -1 -1 -1 -1 -1 -1 -1 -1 
229 -1 -1 -1 -1 -1 -1 255 -1 -1 -1 -1 253 -1 -1 -1 -1 -1 -1 -1 -1 -1 -1 -1 -1 -1 -1 -1 -1 255 -1 226 
229 -1 -1 -1 -1 -1 -1 -1 -1 -1 -1 -1 -1 -1 -1 -1 -1 -1 -1 -1 -1 -1 -1 -1 -1 -1 -1 -1 -1 -1 -1 229 
229 -1 -1 -1 -1 -1 -1 -1 -1 -1 -1 -1 -1 -1 -1 -1 324 -1 -1 -1 -1 230 -1 -1 -1 -1 -1 -1 -1 -1 -1 229 
229 -1 233 -1 -1 -1 -1 325 -1 -1 -1 -1 -1 -1 -1 -1 -1 -1 -1 -1 -1 -1 -1 -1 -1 -1 235 -1 -1 -1 -1 229 
229 -1 -1 -1 -1 -1 -1 -1 -1 -1 -1 -1 -1 -1 -1 255 -1 -1 -1 -1 -1 -1 -1 -1 -1 -1 -1 -1 -1 -1 -1 229 
249 250 250 250 250 250 250 250 250 250 250 250 250 250 250 250 250 250 250 250 250 250 250 250 250 250 250 250 250 250 250 251 