32
18
1

73 1 73 0 73 0 73 0 47 0 178 0 88 0 88 0 91 0 91 0 180 0 181 0 181 0 183 0 176 0 177 0 178 0 178 0 178 0 178 0 73 0 73 0 391 0 391 0 96 1 96 1 96 1 141 1 142 1 142 1 142 1 142 1 
73 1 73 0 73 0 73 0 47 0 73 0 88 0 111 0 114 0 91 0 203 0 108 0 108 0 206 0 176 1 177 1 178 1 178 0 178 0 178 0 73 0 73 0 460 0 460 0 46 1 47 0 47 0 141 0 142 0 142 1 142 0 142 0 
73 1 73 0 73 0 96 1 96 1 96 1 111 0 130 0 133 0 114 0 199 0 154 0 154 0 176 1 96 0 96 0 178 1 178 0 178 0 178 0 96 1 96 1 437 0 437 0 46 1 47 0 47 0 141 0 142 0 142 0 142 0 142 0 
73 1 73 0 73 1 47 0 47 0 47 1 178 0 179 0 179 0 178 0 222 0 268 1 225 1 200 1 118 0 120 0 178 1 178 0 178 0 178 0 47 1 539 0 496 1 496 0 46 1 47 0 47 0 164 0 165 0 165 0 192 0 142 0 
73 1 73 0 73 1 47 0 47 0 47 1 178 1 177 0 177 0 178 1 118 1 119 1 119 0 237 0 238 0 143 0 153 1 178 1 225 1 178 1 47 0 562 0 514 0 496 1 46 1 47 0 47 0 47 0 47 0 47 0 164 0 192 0 
73 1 73 0 73 1 47 0 47 0 47 0 96 1 96 1 96 1 96 1 141 0 190 0 165 0 165 0 165 0 330 0 189 0 189 0 189 0 212 0 47 0 47 0 562 0 563 0 69 1 70 1 70 1 47 0 70 0 70 0 70 0 164 0 
73 1 73 0 73 1 47 0 47 0 47 0 118 0 237 1 237 1 237 0 238 0 143 0 47 0 47 0 47 0 47 0 47 0 47 0 47 0 47 0 47 0 47 0 47 0 48 0 47 1 47 1 47 1 47 1 73 1 73 0 73 0 73 1 
73 1 73 0 73 1 47 0 47 0 47 0 164 0 165 0 165 0 165 0 165 0 166 0 47 0 47 0 47 0 47 0 47 0 47 0 47 0 47 0 47 0 47 0 47 0 47 0 47 0 47 0 47 0 47 1 73 1 73 0 73 0 73 1 
73 1 73 0 73 1 47 0 47 0 47 0 47 0 47 0 47 0 47 0 47 0 47 0 47 0 47 0 47 0 47 0 47 0 47 0 47 0 47 0 47 0 47 0 47 0 47 0 47 0 47 0 47 0 47 1 95 1 96 0 96 0 96 1 
73 1 73 0 73 1 47 0 47 0 47 0 47 0 47 0 47 0 47 0 47 0 47 0 47 0 47 0 47 0 47 0 47 0 47 0 47 0 47 0 47 0 47 0 47 0 47 0 47 0 47 0 47 0 47 1 47 0 47 0 118 0 119 0 
73 1 73 0 73 1 47 0 47 0 47 0 47 0 47 0 47 0 47 0 47 0 47 0 47 0 47 0 47 0 47 0 47 0 47 1 47 1 47 1 47 1 47 0 47 0 47 0 47 0 47 0 47 0 47 1 47 0 47 0 141 0 142 0 
73 1 73 0 73 1 47 0 47 0 47 0 47 0 47 0 47 0 47 0 47 0 47 0 47 0 47 0 47 0 47 0 47 1 88 0 89 0 89 0 91 0 47 1 47 0 34 0 37 0 37 0 35 0 47 1 47 0 70 0 164 0 165 0 
73 1 73 0 73 1 47 0 47 0 47 0 47 0 47 0 47 0 47 0 47 0 47 0 47 0 47 0 47 0 47 0 88 1 88 0 89 0 89 0 91 0 91 0 73 1 149 0 60 0 60 0 150 0 73 1 73 1 73 1 73 1 73 1 
73 1 73 0 73 1 47 0 47 0 47 0 47 0 47 0 47 0 47 0 47 0 47 0 47 0 47 0 47 0 47 0 88 1 111 0 108 0 108 0 114 0 91 0 73 1 149 0 60 0 60 0 150 0 73 1 73 0 73 0 73 0 73 0 
73 1 73 0 73 1 47 0 47 0 47 0 47 0 47 0 47 0 47 0 47 0 47 0 47 0 47 0 47 0 47 0 111 1 130 0 131 0 109 0 133 0 114 0 73 1 149 0 60 0 60 0 150 0 73 1 73 0 73 0 73 0 73 0 
73 1 73 0 73 1 47 0 47 0 47 0 47 0 47 0 47 0 47 0 47 0 47 0 47 0 47 0 47 0 47 0 245 1 269 0 269 0 246 0 270 0 248 0 96 1 241 0 83 0 83 0 242 0 96 1 96 0 73 0 73 0 73 0 
73 1 73 0 73 1 70 1 70 0 70 0 70 0 70 0 70 0 70 0 47 0 47 0 47 0 47 0 47 0 47 0 176 1 177 0 177 0 177 0 154 0 156 0 47 1 47 0 47 0 47 0 47 0 47 1 47 1 73 1 73 0 73 0 
73 1 73 1 73 1 73 1 73 1 73 1 73 1 73 1 73 1 74 1 47 0 47 0 47 0 47 0 47 0 47 0 222 1 223 1 223 1 223 1 223 1 200 1 47 0 47 0 47 0 47 0 47 0 47 0 47 0 73 1 73 1 73 1 
32
18
2

-1 -1 -1 73 73 73 66 -1 -1 -1 66 -1 -1 -1 -1 200 107 108 108 110 279 -1 -1 -1 -1 -1 -1 73 73 73 73 73 
-1 -1 -1 73 73 73 66 -1 -1 -1 278 279 -1 -1 224 200 155 155 155 200 302 -1 -1 -1 229 231 -1 -1 -1 235 -1 -1 
-1 -1 -1 -1 -1 278 -1 -1 -1 -1 301 302 -1 -1 264 265 153 177 177 154 277 -1 -1 -1 229 231 -1 -1 -1 -1 -1 -1 
-1 -1 -1 -1 24 276 -1 -1 -1 -1 276 277 -1 -1 -1 -1 -1 223 223 200 300 -1 -1 -1 229 -1 -1 -1 -1 -1 -1 -1 
-1 -1 -1 -1 -1 299 199 278 279 -1 299 300 -1 -1 -1 -1 -1 -1 -1 -1 -1 -1 -1 -1 229 -1 -1 -1 -1 -1 -1 -1 
-1 -1 -1 -1 -1 -1 -1 276 277 -1 -1 -1 -1 -1 -1 -1 -1 -1 -1 -1 -1 -1 -1 -1 249 250 251 70 -1 34 35 -1 
-1 -1 -1 231 -1 -1 -1 299 300 -1 -1 -1 -1 -1 -1 -1 -1 -1 -1 -1 -1 -1 -1 48 96 96 96 73 -1 149 150 -1 
-1 -1 -1 231 254 -1 -1 -1 -1 -1 -1 322 -1 -1 -1 -1 -1 -1 -1 -1 -1 -1 -1 -1 -1 -1 48 73 -1 149 150 -1 
-1 -1 -1 231 -1 -1 -1 -1 -1 -1 -1 -1 -1 -1 -1 -1 -1 -1 -1 -1 -1 -1 -1 -1 -1 -1 48 73 96 241 242 -1 
-1 -1 -1 -1 -1 -1 -1 -1 -1 -1 -1 -1 -1 -1 -1 -1 -1 -1 -1 -1 -1 -1 -1 -1 -1 -1 48 73 46 -1 -1 -1 
-1 -1 -1 -1 -1 -1 -1 -1 -1 -1 231 231 231 -1 -1 -1 -1 65 89 89 68 -1 -1 -1 -1 -1 48 73 46 -1 -1 -1 
-1 -1 -1 -1 -1 -1 -1 -1 -1 -1 231 254 231 -1 -1 -1 65 66 -1 -1 -1 68 -1 -1 -1 -1 -1 73 69 70 -1 -1 
-1 -1 -1 -1 -1 -1 -1 -1 -1 -1 -1 254 -1 -1 -1 -1 -1 66 -1 -1 -1 -1 -1 -1 -1 -1 -1 -1 -1 -1 -1 -1 
-1 -1 -1 -1 -1 -1 -1 -1 -1 -1 -1 -1 -1 -1 -1 -1 -1 -1 -1 -1 -1 158 279 -1 -1 -1 -1 -1 -1 -1 -1 -1 
-1 -1 -1 -1 -1 -1 -1 -1 -1 -1 -1 -1 -1 -1 -1 -1 -1 -1 -1 -1 -1 -1 302 -1 -1 -1 -1 -1 -1 -1 -1 -1 
-1 -1 -1 -1 254 254 -1 -1 -1 -1 -1 -1 -1 -1 -1 -1 -1 -1 -1 -1 -1 -1 277 -1 -1 -1 -1 73 73 -1 -1 -1 
-1 -1 -1 207 254 231 -1 -1 -1 -1 -1 -1 -1 -1 -1 -1 -1 -1 -1 -1 -1 -1 300 -1 -1 -1 48 96 96 -1 -1 -1 
-1 -1 -1 -1 -1 -1 -1 -1 -1 -1 -1 -1 -1 -1 -1 -1 -1 -1 -1 -1 -1 -1 -1 -1 -1 -1 -1 231 231 -1 -1 -1 0 