32
18
1

73 1 73 1 73 1 73 1 73 1 73 1 73 1 73 1 73 1 73 1 73 1 73 1 28 1 73 0 28 0 73 0 28 0 73 0 28 0 73 0 28 1 73 1 73 1 73 1 73 1 73 1 73 1 73 1 73 1 73 1 73 1 73 1 
142 0 142 0 142 0 73 1 142 0 142 0 142 0 142 0 142 0 142 0 142 0 142 0 73 1 73 0 73 0 73 0 28 0 73 0 73 0 73 0 73 1 142 0 142 0 142 0 142 0 142 0 142 0 142 0 142 0 142 0 142 0 142 0 
142 0 142 0 142 0 73 1 149 0 60 0 150 0 73 1 73 1 149 0 60 0 150 0 73 1 28 0 73 0 28 0 28 0 28 0 73 0 28 0 73 1 142 0 142 0 142 0 142 0 142 1 142 0 142 0 142 0 142 0 142 0 142 0 
142 0 142 0 142 0 73 1 149 0 60 0 150 0 73 1 73 1 149 0 60 0 150 0 73 1 73 0 28 0 28 0 28 1 28 0 28 0 73 0 73 1 149 0 60 0 150 0 73 1 149 1 60 1 173 1 73 1 73 1 73 1 73 1 
142 0 142 0 142 0 142 0 142 0 142 0 142 0 142 0 73 1 142 0 142 0 142 0 73 1 28 1 28 1 28 1 333 1 28 1 28 1 28 1 73 1 149 0 60 0 150 0 73 1 149 0 60 0 173 1 73 1 73 1 73 1 73 1 
142 0 142 0 142 0 142 0 142 0 142 0 142 0 142 0 73 1 142 0 142 0 142 0 288 1 142 1 142 0 142 0 119 0 142 0 142 0 142 0 287 1 142 0 142 0 142 0 73 1 142 0 142 0 142 1 142 1 142 0 142 1 142 0 
142 1 142 1 142 1 142 1 142 1 142 1 142 1 142 1 73 1 142 0 142 0 142 0 311 1 142 0 142 0 142 0 142 0 142 0 142 0 142 1 310 1 142 0 142 0 142 0 73 1 142 0 142 0 142 1 142 0 142 0 142 0 142 0 
142 1 142 0 142 0 142 0 142 0 142 0 142 0 142 0 73 1 142 0 142 0 142 0 311 1 142 0 142 0 142 0 142 0 142 0 142 0 142 0 310 1 142 0 142 0 142 0 73 1 142 0 142 0 142 1 73 0 142 0 142 0 142 0 
142 1 142 1 142 1 142 1 142 1 142 1 142 1 142 1 73 1 142 0 142 0 142 0 311 1 142 0 142 0 142 0 142 0 142 0 142 0 142 0 310 1 142 0 142 0 142 0 73 1 142 0 142 0 142 1 142 1 142 0 142 0 142 0 
142 0 142 0 142 0 142 0 142 0 142 0 142 0 142 1 73 1 142 0 142 0 142 0 221 1 73 1 73 1 149 0 60 0 150 0 73 1 73 1 289 1 142 0 142 0 142 0 73 1 142 0 142 0 142 1 142 0 142 0 142 0 142 0 
142 0 142 0 142 0 142 0 142 0 142 0 142 0 142 0 73 1 149 0 60 0 150 0 73 1 73 1 73 1 172 0 60 0 173 0 73 1 73 1 73 1 149 0 60 0 150 0 73 1 142 0 142 0 142 1 142 0 142 0 142 0 142 0 
142 0 142 0 142 0 142 0 142 0 142 0 142 0 142 0 73 1 142 0 142 0 142 0 142 0 142 0 142 0 142 0 142 0 142 0 73 1 142 0 142 0 142 0 142 0 142 0 73 1 142 0 142 0 142 1 142 0 142 0 142 0 142 0 
73 1 73 1 73 1 73 1 73 1 149 0 60 0 150 0 73 1 73 1 73 1 73 1 73 1 73 1 73 1 73 1 73 1 73 1 73 1 149 0 173 0 73 1 73 1 73 1 73 1 149 0 60 0 150 1 142 0 142 0 142 0 142 0 
73 1 73 0 73 0 73 0 73 1 149 0 60 0 150 0 73 1 73 1 73 1 73 1 73 1 73 1 73 1 73 1 73 1 73 1 73 1 149 0 173 0 73 1 73 1 73 1 73 0 149 0 60 0 150 1 142 1 142 0 142 0 142 0 
73 1 73 0 73 0 73 1 142 0 142 0 142 0 142 0 142 0 142 0 142 0 142 0 142 0 142 0 142 0 142 0 142 0 142 0 142 0 142 0 142 0 142 0 142 0 73 1 73 0 142 0 142 0 142 1 73 0 142 0 142 0 142 0 
73 1 73 0 73 0 73 1 142 0 142 0 142 0 142 0 142 0 142 0 142 0 142 0 142 0 142 0 142 0 142 0 142 0 142 0 142 0 142 0 142 0 142 0 142 0 73 1 73 0 142 0 142 0 142 1 142 0 142 0 142 0 142 0 
73 1 73 0 73 0 73 0 73 1 73 1 73 1 73 1 73 1 73 1 73 1 73 1 73 1 73 1 73 1 73 1 73 1 73 1 73 1 73 1 73 1 73 1 73 1 73 1 73 1 73 1 73 1 73 1 149 0 60 0 150 0 73 1 
73 1 73 1 73 1 73 1 73 1 73 1 73 1 73 1 73 1 73 1 73 1 73 1 73 1 73 1 73 1 73 1 73 1 73 1 73 1 73 1 73 1 73 1 73 1 73 1 73 1 73 1 73 1 73 1 149 0 60 0 150 0 73 1 
32
18
2

-1 -1 -1 -1 -1 -1 -1 -1 -1 -1 -1 -1 -1 -1 -1 -1 -1 -1 -1 -1 -1 -1 -1 -1 -1 -1 -1 -1 -1 -1 -1 -1 
-1 326 -1 -1 322 -1 -1 -1 -1 -1 -1 -1 -1 -1 -1 -1 -1 -1 -1 -1 -1 -1 -1 -1 -1 -1 -1 -1 -1 -1 -1 -1 
-1 -1 -1 -1 -1 -1 -1 -1 -1 -1 -1 -1 -1 -1 -1 -1 -1 -1 -1 -1 -1 -1 -1 -1 -1 233 -1 -1 -1 -1 -1 -1 
-1 -1 -1 -1 -1 -1 -1 -1 -1 -1 -1 -1 -1 -1 -1 -1 -1 -1 -1 -1 -1 -1 -1 -1 -1 73 73 73 -1 -1 -1 -1 
-1 -1 -1 -1 -1 -1 -1 -1 -1 -1 -1 -1 -1 -1 -1 -1 -1 -1 -1 -1 -1 -1 -1 -1 -1 73 73 73 -1 -1 -1 -1 
-1 -1 -1 -1 -1 -1 -1 326 -1 -1 -1 -1 -1 235 257 -1 -1 256 -1 322 -1 -1 -1 -1 -1 73 73 73 253 280 233 -1 
73 73 73 73 73 73 73 73 -1 -1 -1 -1 -1 -1 -1 -1 -1 -1 -1 253 -1 -1 -1 -1 -1 73 73 73 280 -1 -1 -1 
73 73 73 73 73 73 73 73 -1 -1 -1 -1 -1 -1 -1 -1 -1 -1 -1 -1 -1 -1 -1 -1 -1 73 73 73 142 -1 -1 -1 
73 73 73 73 73 73 73 73 -1 -1 -1 -1 -1 -1 -1 -1 -1 -1 -1 -1 -1 -1 -1 -1 -1 73 73 73 233 -1 -1 -1 
-1 -1 -1 -1 -1 -1 326 253 -1 -1 -1 -1 -1 -1 -1 -1 -1 -1 -1 -1 -1 -1 -1 -1 -1 73 73 73 142 -1 -1 -1 
-1 -1 -1 -1 -1 -1 -1 325 -1 -1 -1 -1 -1 -1 -1 -1 -1 -1 -1 -1 -1 -1 -1 -1 -1 73 73 73 142 -1 -1 -1 
-1 -1 -1 -1 -1 -1 -1 -1 -1 -1 -1 -1 -1 -1 -1 -1 -1 -1 -1 -1 -1 -1 -1 322 -1 73 73 73 142 -1 -1 -1 
-1 -1 -1 -1 -1 -1 -1 -1 -1 -1 -1 -1 -1 -1 -1 -1 -1 -1 -1 -1 -1 -1 -1 -1 -1 73 73 73 142 -1 -1 -1 
-1 -1 -1 -1 -1 -1 -1 -1 -1 -1 -1 -1 -1 -1 -1 -1 -1 -1 -1 -1 -1 -1 -1 -1 -1 73 73 73 233 -1 -1 -1 
-1 -1 -1 -1 -1 -1 -1 -1 -1 -1 -1 326 322 324 -1 -1 -1 -1 -1 -1 -1 -1 322 -1 -1 73 73 73 142 -1 -1 -1 
-1 -1 -1 -1 324 -1 -1 -1 -1 -1 -1 -1 -1 -1 -1 -1 -1 -1 -1 -1 -1 -1 280 -1 -1 73 73 73 -1 -1 -1 -1 
-1 -1 -1 -1 -1 -1 -1 -1 -1 -1 -1 -1 -1 -1 -1 -1 -1 -1 -1 -1 -1 -1 -1 -1 -1 -1 -1 -1 -1 -1 -1 -1 
-1 -1 -1 -1 -1 -1 -1 -1 -1 -1 -1 -1 -1 -1 -1 -1 -1 -1 -1 -1 -1 -1 -1 -1 -1 -1 -1 -1 -1 -1 -1 -1 0 