32
18
1

496 0 496 0 496 0 496 0 496 0 496 0 496 0 496 0 73 0 486 0 73 0 73 0 73 0 73 0 73 0 73 0 73 0 73 0 73 0 73 0 73 0 73 0 73 0 73 0 73 0 73 0 73 0 73 0 -1 0 73 1 73 1 73 1 
496 0 496 0 496 0 496 0 496 0 496 0 496 0 496 0 73 0 73 0 73 0 73 0 73 0 73 0 73 0 73 0 73 0 73 0 73 0 73 0 73 0 73 0 73 0 73 0 73 0 73 0 73 0 73 0 -1 0 73 1 73 0 73 1 
496 0 496 0 496 0 496 0 496 0 496 0 496 0 496 0 73 0 73 0 73 0 73 0 73 0 73 0 73 0 73 0 73 0 73 0 73 0 73 0 73 0 73 0 73 0 73 0 73 0 73 0 73 0 73 0 -1 0 73 1 73 0 73 1 
496 0 496 0 496 0 496 0 496 0 496 0 496 0 496 0 47 0 73 0 73 0 73 0 73 0 73 0 47 0 47 0 -1 0 -1 0 -1 0 -1 0 47 0 47 0 47 0 47 0 47 0 47 0 47 0 47 0 -1 0 73 1 73 0 73 1 
496 0 496 0 496 0 496 0 496 0 496 0 496 0 496 0 47 0 73 0 73 0 73 0 73 0 73 0 47 0 47 0 47 0 47 0 47 0 47 0 47 0 47 0 47 0 47 0 47 0 47 0 47 0 47 0 -1 0 73 1 73 0 73 1 
496 0 496 0 496 0 496 0 496 0 496 0 496 0 -1 0 73 0 73 0 73 0 73 0 73 0 73 0 73 0 73 0 73 0 73 0 73 0 73 0 73 0 73 0 73 0 73 0 73 0 73 0 73 0 73 0 -1 0 73 1 73 0 73 1 
496 0 496 0 496 0 496 0 496 0 496 0 496 0 -1 0 73 0 73 0 73 0 73 0 73 0 73 0 73 0 73 0 73 0 73 0 73 0 73 0 73 0 73 0 73 0 73 0 73 0 73 0 73 0 73 0 -1 0 73 1 73 0 73 1 
496 0 496 0 496 0 496 0 496 0 496 0 496 0 -1 0 -1 0 512 0 73 0 73 0 73 0 73 0 73 0 73 0 73 0 73 0 73 0 73 0 73 0 73 0 73 0 73 0 73 0 73 0 524 0 -1 0 -1 0 73 1 73 0 73 1 
496 0 496 0 496 0 496 0 496 0 496 0 -1 0 -1 0 -1 0 535 0 73 0 73 0 73 0 73 0 73 0 73 0 73 0 73 0 73 0 73 0 73 0 73 0 73 0 73 0 73 0 73 0 537 0 -1 0 -1 0 73 1 73 0 73 1 
496 0 496 0 496 0 496 0 496 0 496 0 -1 0 -1 0 -1 0 535 0 73 0 73 0 73 0 73 0 73 0 73 0 73 0 73 0 73 0 73 0 73 0 73 0 73 0 73 0 73 0 73 0 537 0 -1 0 -1 0 73 1 73 0 73 1 
496 0 496 0 496 0 496 0 496 0 496 0 496 0 522 0 563 0 554 0 73 0 73 0 73 0 73 0 73 0 73 0 73 0 73 0 73 0 73 0 73 0 73 0 73 0 73 0 73 0 73 0 562 0 513 0 513 0 73 1 73 0 73 1 
496 0 496 0 496 0 496 0 496 0 496 0 496 0 541 0 47 0 47 0 96 0 96 0 96 0 96 0 96 0 96 0 96 1 96 1 96 1 96 1 96 0 96 0 96 0 96 0 96 0 96 0 47 0 47 0 496 0 73 1 73 0 73 1 
496 0 496 0 496 0 496 0 496 0 496 0 496 0 541 0 47 0 47 0 47 0 47 0 47 0 47 0 47 0 47 1 47 0 47 0 47 0 47 0 47 1 448 1 448 1 47 1 47 1 47 1 47 1 47 1 496 1 73 0 73 0 73 1 
496 0 496 0 496 0 496 0 496 0 496 0 496 0 541 0 47 0 47 0 47 0 47 0 47 0 47 0 47 0 47 1 47 0 47 0 47 0 47 0 47 0 47 0 47 0 47 0 47 0 47 0 47 0 514 0 496 1 73 0 73 0 73 1 
496 0 496 0 496 0 496 0 496 0 496 0 496 0 541 0 47 0 47 0 47 0 47 0 47 0 47 0 47 0 47 1 47 0 47 0 47 0 47 0 47 0 47 0 47 0 47 0 47 0 47 0 47 0 537 0 496 1 73 0 73 0 73 1 
496 0 496 0 496 0 496 0 496 0 496 0 496 0 73 1 73 1 73 1 73 1 73 1 73 1 73 1 73 1 73 1 73 1 73 1 73 1 73 1 73 1 47 0 47 0 47 0 73 1 73 1 73 1 73 1 73 1 73 0 73 0 73 1 
496 0 496 0 496 0 496 0 496 0 496 0 496 0 73 1 73 0 73 0 73 0 73 0 73 0 73 0 73 0 73 0 73 0 73 0 73 0 73 0 73 1 47 0 47 0 47 0 73 1 73 0 73 0 73 0 73 0 73 0 73 0 73 1 
496 0 496 0 496 0 496 0 496 0 496 0 496 0 73 1 73 1 73 1 73 1 73 1 73 1 73 1 73 1 73 1 73 1 73 1 73 1 73 1 73 1 47 0 47 0 47 0 73 1 73 1 73 1 73 1 73 1 73 1 73 1 73 1 
32
18
2

391 391 391 391 391 391 391 391 28 -1 28 486 28 486 28 486 486 486 486 486 486 28 486 28 486 28 486 28 391 -1 -1 -1 
460 460 460 460 460 460 460 460 -1 391 73 391 -1 391 -1 486 486 486 486 486 486 -1 391 -1 391 -1 391 -1 460 -1 -1 -1 
460 460 460 460 460 460 460 460 -1 460 -1 460 -1 460 -1 486 486 28 28 486 486 -1 460 -1 460 -1 460 -1 460 -1 -1 -1 
460 460 460 460 460 460 460 460 73 437 -1 437 -1 437 73 486 486 460 460 486 486 73 437 73 437 73 437 73 460 -1 -1 -1 
460 460 460 460 460 460 460 460 73 27 -1 27 -1 27 73 73 27 391 391 27 73 73 27 73 27 73 27 73 460 -1 -1 -1 
460 460 460 460 460 460 460 460 -1 -1 -1 -1 -1 -1 -1 -1 27 460 460 27 -1 -1 -1 -1 -1 -1 -1 -1 460 -1 -1 -1 
437 437 437 437 437 437 437 437 -1 -1 -1 -1 -1 -1 -1 28 27 460 460 27 28 -1 -1 -1 -1 -1 -1 -1 437 -1 -1 -1 
-1 -1 -1 -1 -1 -1 -1 486 448 448 -1 -1 -1 -1 -1 391 414 437 437 414 391 -1 -1 -1 -1 -1 448 448 486 -1 -1 -1 
-1 -1 -1 -1 -1 -1 486 486 486 486 -1 -1 -1 -1 -1 460 -1 -1 -1 -1 460 -1 -1 -1 -1 -1 496 486 486 -1 -1 -1 
-1 -1 -1 -1 -1 -1 486 486 486 486 -1 -1 -1 -1 -1 460 -1 -1 -1 -1 460 -1 -1 -1 -1 -1 496 496 486 -1 -1 -1 
-1 -1 -1 -1 -1 -1 486 486 486 486 -1 -1 -1 -1 -1 460 -1 -1 -1 -1 460 -1 -1 -1 -1 -1 496 496 486 73 -1 -1 
-1 -1 -1 -1 -1 -1 486 486 486 486 73 73 73 73 73 437 73 -1 -1 73 437 73 73 73 73 73 496 496 496 -1 -1 -1 
-1 -1 -1 -1 -1 -1 486 486 486 486 461 461 461 461 461 486 531 -1 -1 529 496 448 448 448 448 448 496 496 496 -1 -1 -1 
-1 -1 -1 -1 -1 -1 486 486 486 486 486 486 486 486 486 486 541 -1 -1 552 553 553 553 553 553 553 553 -1 496 -1 -1 -1 
-1 -1 -1 -1 -1 -1 486 486 486 486 486 486 486 486 486 486 541 -1 -1 -1 -1 34 37 35 -1 -1 -1 537 496 -1 -1 -1 
-1 -1 -1 -1 -1 -1 -1 -1 -1 -1 -1 -1 -1 -1 -1 -1 -1 -1 -1 -1 73 149 60 150 -1 -1 -1 -1 -1 -1 -1 -1 
-1 -1 -1 -1 -1 -1 -1 -1 -1 -1 -1 -1 -1 -1 -1 -1 -1 -1 -1 -1 73 149 60 150 -1 -1 -1 -1 -1 -1 -1 -1 
-1 -1 -1 -1 -1 -1 -1 -1 -1 -1 -1 -1 -1 -1 -1 -1 -1 -1 -1 -1 73 241 83 242 -1 -1 -1 -1 -1 -1 -1 -1 0 