32
18
1

142 0 142 0 142 0 142 0 142 0 142 0 142 0 142 0 142 0 142 0 142 0 142 0 142 0 142 0 142 0 142 0 142 0 142 0 142 0 142 0 142 0 142 0 142 0 142 0 142 0 142 0 142 0 142 0 142 0 142 0 142 0 168 1 
142 0 142 0 142 0 142 0 142 0 142 0 142 0 142 0 142 0 142 0 142 0 142 0 142 0 142 0 142 0 142 0 142 0 142 0 142 0 142 0 142 0 142 0 142 0 142 0 142 0 142 0 142 0 142 0 142 0 142 0 142 0 168 1 
142 0 142 0 142 0 142 0 142 0 142 0 142 0 142 0 142 0 142 0 142 0 142 0 142 0 142 0 142 0 142 0 142 0 142 0 142 0 142 0 142 0 142 0 142 0 142 0 142 0 142 0 142 0 142 0 142 0 142 0 142 0 168 1 
142 0 142 0 142 0 142 0 142 0 142 0 142 1 142 0 142 0 73 1 73 1 73 1 27 1 73 1 73 1 73 1 73 1 73 1 73 1 73 1 73 1 73 1 73 1 73 1 73 1 73 1 73 1 73 1 73 1 73 1 73 1 27 0 
142 1 142 1 142 0 142 0 142 0 142 0 142 0 142 1 142 1 142 1 142 1 142 0 142 0 142 0 142 0 142 0 142 0 142 1 142 1 142 1 142 0 142 0 142 0 142 0 142 0 142 0 142 0 142 0 142 0 142 1 142 0 168 1 
142 0 142 0 142 0 142 0 142 0 142 0 142 0 142 0 142 0 142 0 142 0 142 0 142 0 142 0 142 0 142 0 142 0 142 1 142 0 142 0 142 0 142 1 142 0 142 0 142 0 142 0 142 0 142 0 142 0 142 0 142 0 168 1 
142 0 142 0 142 0 142 0 142 0 142 0 142 0 142 0 142 0 142 0 142 0 142 0 142 0 142 0 142 0 142 0 142 0 142 0 142 0 142 0 142 0 142 1 142 0 142 0 142 0 142 0 142 0 142 0 142 0 142 0 142 0 168 1 
73 1 73 1 73 1 73 1 73 1 73 1 73 1 73 1 73 1 73 1 142 0 142 0 -1 0 -1 0 -1 0 168 0 73 1 73 1 73 1 73 1 73 1 73 0 73 1 73 1 73 1 73 1 73 1 73 1 73 1 73 1 73 1 73 0 
73 1 73 0 27 0 73 0 73 0 73 0 73 0 73 0 73 0 27 1 142 0 142 0 142 0 142 0 142 0 142 0 73 1 73 0 73 0 73 0 73 0 73 0 73 0 73 0 73 0 73 0 27 0 73 0 73 0 73 0 73 0 73 0 
73 1 73 0 73 0 73 0 73 0 27 0 73 0 73 0 73 0 73 1 142 0 142 0 142 0 142 0 142 0 142 0 73 1 73 0 27 0 73 0 73 0 73 0 27 0 73 0 73 0 73 0 73 0 73 0 73 0 73 0 73 0 73 0 
73 1 73 0 27 0 73 0 73 0 73 0 73 0 73 0 73 0 73 1 142 0 142 0 142 0 142 0 142 0 142 0 73 1 73 0 73 0 73 0 73 0 73 0 73 0 73 0 73 0 73 0 73 0 27 0 73 0 73 0 73 0 73 0 
73 1 73 1 73 0 73 1 73 1 73 1 73 1 73 1 73 1 73 1 142 0 142 0 142 0 142 0 142 0 142 0 73 1 73 0 73 0 73 0 73 0 73 0 73 1 73 1 73 1 73 1 73 1 73 1 73 1 73 1 73 1 73 0 
142 0 142 0 142 1 142 0 142 0 142 0 142 0 142 0 142 0 142 0 142 0 142 0 142 0 142 0 142 0 142 0 168 1 142 1 142 1 142 1 142 1 142 1 142 0 142 0 168 0 168 0 168 0 142 0 142 0 142 0 142 0 168 1 
142 0 142 0 142 0 142 0 142 0 142 1 142 0 142 0 142 0 142 0 142 0 142 0 142 0 142 0 142 0 142 0 142 0 142 0 142 0 142 0 142 0 142 0 142 0 142 0 142 0 142 0 142 0 168 0 142 0 142 0 142 0 168 1 
142 0 142 0 142 0 142 1 142 0 142 0 142 0 142 0 142 0 142 0 142 0 142 0 142 0 142 0 142 1 142 0 142 0 142 0 142 0 142 0 142 0 142 0 142 0 142 0 142 0 142 0 142 0 142 0 142 0 142 0 142 0 168 1 
142 0 142 0 142 0 142 0 142 0 142 0 142 0 142 0 142 0 142 0 142 0 142 0 142 0 142 0 142 1 142 1 142 1 142 1 142 1 142 1 142 1 142 1 142 1 142 1 142 1 142 1 142 1 142 0 142 0 142 0 168 0 168 1 
142 0 142 0 142 0 142 0 142 0 142 0 142 0 142 0 142 0 142 0 142 0 142 0 142 0 142 0 142 0 142 0 142 0 142 0 142 0 142 0 142 0 142 0 142 0 142 0 142 0 142 0 142 0 142 0 142 0 142 0 168 0 168 1 
142 0 142 0 142 0 142 0 142 0 142 0 142 0 142 0 142 0 142 0 142 0 142 0 142 0 142 0 142 0 142 0 142 0 142 0 142 0 142 0 142 0 142 0 142 0 142 0 142 0 142 0 142 0 142 0 142 0 142 0 168 0 168 1 
32
18
2

-1 -1 -1 -1 -1 -1 -1 -1 -1 -1 -1 -1 -1 -1 -1 -1 -1 -1 -1 -1 -1 -1 -1 -1 -1 -1 -1 -1 -1 -1 -1 229 
-1 -1 326 -1 -1 -1 -1 -1 -1 -1 -1 -1 -1 -1 -1 -1 -1 -1 -1 -1 -1 -1 -1 -1 -1 -1 -1 -1 -1 -1 -1 229 
-1 -1 -1 -1 -1 -1 -1 -1 -1 -1 -1 -1 -1 -1 -1 -1 -1 -1 323 -1 -1 -1 -1 -1 -1 -1 -1 -1 -1 -1 -1 229 
-1 -1 -1 -1 -1 -1 233 280 -1 -1 -1 -1 -1 -1 -1 -1 -1 322 -1 -1 -1 -1 -1 -1 -1 -1 -1 -1 -1 -1 -1 -1 
250 251 -1 -1 -1 -1 -1 249 250 250 251 -1 -1 -1 -1 -1 -1 226 250 251 -1 -1 -1 -1 -1 -1 -1 -1 -1 235 325 229 
-1 -1 -1 -1 -1 -1 -1 -1 -1 -1 -1 -1 -1 -1 -1 -1 -1 252 -1 -1 -1 229 -1 -1 -1 -1 -1 -1 -1 -1 324 229 
-1 -1 -1 -1 -1 -1 -1 -1 -1 -1 -1 -1 -1 -1 -1 -1 -1 -1 -1 -1 -1 252 -1 -1 -1 -1 -1 -1 -1 -1 -1 229 
-1 -1 -1 -1 -1 -1 -1 -1 -1 -1 149 60 60 60 60 150 -1 -1 -1 -1 -1 -1 -1 -1 -1 -1 -1 -1 -1 -1 -1 -1 
-1 -1 -1 -1 -1 -1 -1 -1 -1 -1 172 60 60 60 60 150 -1 -1 -1 -1 -1 -1 -1 -1 -1 -1 -1 -1 -1 -1 -1 -1 
-1 -1 -1 -1 -1 -1 -1 -1 -1 -1 172 60 60 60 60 150 -1 -1 -1 -1 -1 -1 -1 -1 -1 -1 -1 -1 -1 -1 -1 -1 
-1 -1 -1 -1 -1 -1 -1 -1 -1 -1 172 60 60 60 60 150 -1 -1 -1 -1 -1 -1 -1 -1 -1 -1 -1 -1 -1 -1 -1 -1 
-1 -1 -1 -1 -1 -1 -1 -1 -1 -1 149 60 60 60 60 150 -1 -1 -1 -1 -1 -1 -1 -1 -1 -1 -1 -1 -1 -1 -1 -1 
-1 -1 253 -1 -1 -1 -1 -1 -1 -1 -1 -1 -1 -1 -1 -1 249 250 250 250 250 251 326 -1 -1 -1 -1 -1 -1 -1 -1 229 
-1 -1 -1 -1 -1 233 -1 -1 -1 -1 -1 -1 -1 -1 -1 -1 -1 -1 -1 -1 -1 -1 -1 -1 -1 -1 -1 -1 -1 -1 -1 229 
-1 -1 322 235 280 -1 -1 -1 -1 -1 -1 -1 -1 -1 229 -1 -1 -1 -1 -1 -1 -1 -1 -1 -1 -1 -1 -1 -1 -1 -1 229 
-1 -1 -1 -1 -1 -1 -1 -1 -1 -1 -1 -1 -1 -1 249 250 250 250 250 250 250 250 250 250 250 250 250 -1 -1 -1 -1 229 
-1 -1 -1 -1 -1 -1 -1 -1 -1 -1 -1 -1 -1 -1 326 -1 -1 -1 -1 -1 -1 -1 -1 -1 -1 -1 -1 -1 -1 -1 -1 229 
-1 -1 -1 -1 -1 -1 -1 -1 -1 -1 -1 -1 -1 -1 -1 -1 -1 -1 -1 -1 -1 -1 -1 -1 -1 -1 -1 -1 -1 -1 -1 229 0 