32
18
1

391 0 391 0 391 0 391 0 391 0 391 0 391 0 72 1 73 0 73 0 73 0 73 0 73 0 73 0 73 0 73 0 73 0 73 0 96 1 96 1 96 1 333 0 333 0 333 0 96 1 96 1 96 1 96 1 96 1 96 1 96 1 96 1 
460 0 460 0 460 0 460 0 460 0 460 0 460 0 27 1 26 0 86 0 86 0 73 0 73 0 73 0 73 0 73 0 47 0 73 1 47 0 47 0 47 0 47 0 47 0 47 0 47 0 47 0 47 0 47 0 47 0 47 0 47 0 47 0 
460 0 460 0 460 0 460 0 460 0 460 0 460 0 27 1 84 0 86 0 86 0 87 0 73 0 73 0 73 0 84 0 47 0 87 1 70 0 70 0 70 0 34 0 37 0 35 0 70 0 70 0 70 0 70 0 70 0 47 0 47 0 47 0 
437 0 437 0 437 0 437 0 437 0 437 0 437 0 27 1 107 0 108 0 108 0 110 0 84 0 47 0 47 0 47 0 47 0 47 0 96 1 96 1 96 1 241 0 83 0 242 0 96 1 96 1 96 1 96 1 96 1 96 1 96 1 96 1 
496 0 496 0 496 0 496 0 496 0 496 0 496 1 512 0 199 1 47 0 47 0 200 0 107 0 47 0 47 0 47 0 47 0 200 0 70 1 70 0 70 0 70 0 70 0 70 0 34 0 37 0 35 0 70 0 70 0 70 0 70 0 70 0 
496 0 496 0 496 0 496 0 496 0 496 0 496 1 535 0 199 1 47 0 47 0 200 0 47 0 47 0 47 0 47 0 47 0 200 0 87 1 73 1 73 1 73 1 73 1 73 1 172 0 60 0 173 0 72 1 73 1 73 1 73 1 73 1 
496 0 496 0 496 0 496 0 496 0 496 0 496 1 535 0 199 1 47 0 47 0 47 0 47 0 47 0 47 0 47 0 179 0 200 0 47 0 73 0 73 0 73 0 73 0 73 1 172 0 60 0 173 0 73 1 73 0 73 0 73 0 73 0 
496 0 496 0 496 0 496 0 496 0 496 0 496 1 535 0 199 1 269 0 47 0 47 0 47 0 47 0 47 0 47 0 246 0 200 0 47 1 96 1 96 1 96 1 96 1 96 1 241 0 83 0 265 0 96 1 96 1 96 1 96 1 96 1 
496 0 496 0 496 0 496 0 496 0 496 0 496 1 535 0 199 1 47 0 47 0 47 0 47 0 47 0 47 0 47 0 246 0 200 0 47 1 47 0 47 0 47 0 47 0 47 0 47 0 47 0 47 0 47 0 47 0 47 0 47 0 47 0 
496 0 496 0 496 0 496 0 496 0 496 0 496 1 535 0 222 1 246 1 246 1 246 1 246 1 246 1 246 1 246 1 248 1 154 1 47 1 47 0 47 0 47 0 47 0 47 0 47 0 47 0 47 0 47 0 47 0 47 0 47 0 47 0 
496 0 496 0 496 0 496 0 496 0 496 0 496 1 535 0 24 0 24 0 24 0 24 0 24 0 24 0 24 0 24 0 24 0 24 0 24 0 47 0 47 0 47 0 47 0 47 0 47 0 47 0 47 0 47 0 47 0 47 0 47 0 47 0 
496 0 496 0 496 0 496 0 496 0 496 0 496 1 535 0 47 0 47 0 47 0 47 0 47 0 47 0 47 0 47 0 47 0 47 0 47 0 47 0 47 0 47 0 47 0 47 0 47 0 47 0 47 0 47 0 47 0 47 0 47 0 47 0 
496 0 496 0 496 0 496 0 496 0 496 0 496 1 535 0 47 0 47 0 47 0 47 0 47 0 47 0 47 0 47 0 47 0 47 0 47 0 47 0 47 0 47 0 47 0 70 0 47 0 70 0 47 0 47 0 47 0 47 0 47 0 47 0 
496 0 496 0 496 0 496 0 496 0 496 0 496 1 558 0 559 0 559 0 559 0 559 0 559 0 559 0 559 0 559 0 559 0 559 0 559 0 559 0 559 0 559 0 517 0 33 0 33 0 33 0 517 0 559 0 559 0 559 0 559 0 559 0 
496 0 496 0 496 0 496 0 496 0 496 0 496 1 496 1 496 1 496 1 496 1 496 1 496 1 496 1 496 1 496 1 496 1 496 1 496 1 496 1 496 1 496 1 496 1 33 0 33 0 33 0 496 1 496 1 496 1 496 1 496 1 496 1 
496 0 496 0 496 0 496 0 496 0 496 0 496 0 496 0 496 0 496 0 496 0 496 0 496 0 496 0 496 0 496 0 496 0 496 0 496 0 496 0 496 0 496 0 496 1 33 0 33 0 33 0 496 1 496 0 496 0 496 0 496 0 496 0 
496 0 496 0 496 0 496 0 496 0 496 0 496 0 496 0 496 0 496 0 496 0 496 0 496 0 496 0 496 0 496 0 496 0 496 0 496 0 496 0 496 0 496 1 512 0 33 0 33 0 33 0 514 0 496 1 496 0 496 0 496 0 496 0 
496 0 496 0 496 0 496 0 496 0 496 0 496 0 496 0 496 0 496 0 496 0 496 0 496 0 496 0 496 0 496 0 496 0 496 0 496 0 496 0 496 0 496 1 541 0 34 0 37 0 35 0 539 0 496 1 496 0 496 0 496 0 496 0 
32
18
2

-1 -1 -1 -1 -1 -1 -1 -1 -1 -1 -1 -1 -1 -1 -1 -1 -1 -1 -1 -1 -1 -1 -1 -1 -1 -1 -1 -1 -1 -1 -1 -1 
-1 -1 -1 -1 -1 -1 -1 -1 61 -1 -1 64 -1 -1 -1 61 86 64 -1 -1 -1 -1 -1 -1 -1 -1 -1 -1 -1 -1 -1 -1 
-1 -1 -1 -1 -1 -1 -1 -1 66 -1 -1 -1 61 86 64 66 86 158 -1 -1 -1 -1 -1 -1 -1 -1 -1 -1 -1 -1 -1 -1 
-1 -1 -1 -1 -1 -1 -1 -1 -1 -1 -1 -1 -1 86 87 107 109 110 -1 -1 -1 -1 -1 -1 -1 -1 -1 -1 -1 -1 -1 -1 
-1 -1 -1 -1 -1 -1 -1 -1 153 177 177 154 -1 109 110 155 179 -1 64 -1 -1 -1 -1 -1 -1 -1 -1 -1 -1 -1 -1 -1 
-1 -1 -1 -1 -1 -1 -1 -1 -1 223 223 -1 131 131 131 155 177 156 158 -1 -1 -1 -1 -1 -1 -1 -1 -1 -1 -1 -1 -1 
-1 -1 -1 -1 -1 -1 -1 -1 155 179 179 156 154 154 154 199 -1 -1 110 -1 -1 -1 -1 -1 -1 -1 -1 -1 -1 -1 -1 -1 
-1 -1 -1 -1 -1 -1 -1 -1 -1 269 269 200 270 248 248 199 -1 -1 156 -1 -1 -1 -1 -1 -1 -1 -1 -1 -1 -1 -1 -1 
-1 -1 -1 -1 -1 -1 -1 -1 247 271 271 248 271 271 271 199 -1 -1 200 -1 -1 -1 -1 -1 -1 -1 -1 -1 -1 -1 -1 -1 
-1 -1 -1 -1 -1 -1 -1 -1 -1 225 268 -1 224 -1 224 -1 -1 -1 200 -1 -1 -1 -1 -1 -1 -1 -1 -1 -1 -1 -1 -1 
-1 -1 -1 -1 -1 -1 -1 -1 -1 -1 -1 -1 -1 -1 -1 -1 -1 -1 -1 -1 -1 -1 -1 -1 -1 -1 -1 -1 -1 -1 -1 -1 
-1 -1 -1 -1 -1 -1 -1 -1 -1 -1 -1 -1 -1 -1 -1 -1 -1 -1 -1 -1 -1 -1 -1 -1 -1 -1 -1 -1 -1 -1 -1 -1 
-1 -1 -1 -1 -1 -1 -1 -1 -1 -1 -1 -1 -1 -1 -1 -1 -1 -1 -1 -1 -1 -1 -1 70 70 70 -1 -1 -1 -1 -1 -1 
-1 -1 -1 -1 -1 -1 -1 -1 -1 -1 -1 -1 -1 -1 -1 -1 -1 -1 -1 -1 -1 -1 -1 -1 -1 -1 -1 -1 -1 -1 -1 -1 
-1 -1 -1 -1 -1 -1 -1 -1 -1 -1 -1 -1 -1 -1 -1 -1 -1 -1 -1 -1 -1 -1 295 -1 -1 -1 297 -1 -1 -1 -1 -1 
-1 -1 -1 -1 -1 -1 -1 -1 -1 -1 -1 -1 -1 -1 -1 -1 -1 -1 -1 -1 -1 -1 295 -1 -1 -1 297 -1 -1 -1 -1 -1 
-1 -1 -1 -1 -1 -1 -1 -1 -1 -1 -1 -1 -1 -1 -1 -1 -1 -1 -1 -1 -1 -1 -1 -1 -1 -1 -1 -1 -1 -1 -1 -1 
-1 -1 -1 -1 -1 -1 -1 -1 -1 -1 -1 -1 -1 -1 -1 -1 -1 -1 -1 -1 -1 -1 -1 -1 -1 -1 -1 -1 -1 -1 -1 -1 0 