32
18
1

96 1 96 1 96 1 96 1 96 1 96 1 96 1 96 1 96 1 97 1 47 0 47 0 47 0 47 0 47 0 47 0 268 1 269 1 269 1 269 0 269 0 246 0 47 1 47 0 47 0 47 0 47 0 47 0 118 1 182 1 182 1 122 1 
47 0 47 0 47 0 47 0 47 0 47 0 47 0 47 0 47 0 47 0 47 0 47 0 47 0 47 0 47 0 47 0 24 0 24 0 24 0 24 1 24 1 24 1 47 1 47 0 47 0 47 0 47 0 47 0 180 1 182 0 182 0 183 1 
70 0 70 0 70 0 70 0 70 0 70 0 70 0 70 0 70 0 70 0 34 0 37 0 35 0 70 0 70 0 70 0 70 0 70 0 70 0 70 0 70 0 70 0 70 0 47 0 142 0 142 1 182 1 182 1 203 0 109 0 131 0 206 1 
96 1 96 1 96 1 96 1 73 1 96 1 96 1 96 1 96 1 96 1 241 0 83 0 242 0 96 1 96 1 96 1 96 1 96 1 96 1 96 1 96 1 96 1 96 1 73 1 73 1 180 1 182 0 182 0 178 0 223 0 223 0 156 1 
70 0 70 0 70 0 71 0 73 1 70 1 70 0 70 1 70 0 70 0 47 0 47 0 47 0 47 0 47 0 47 0 47 0 47 0 47 0 47 0 47 0 47 0 47 0 47 0 142 0 203 1 108 0 108 0 199 0 223 0 223 0 154 1 
73 1 73 1 73 1 73 1 73 1 203 0 109 0 206 0 47 1 67 1 47 1 47 0 47 0 47 0 47 0 47 0 47 0 47 0 47 0 47 0 47 0 47 0 47 0 47 0 142 0 176 1 177 0 177 0 176 0 177 0 177 0 154 1 
73 1 73 0 73 0 73 0 73 1 155 0 155 0 156 0 90 0 90 0 91 0 47 1 47 0 47 1 85 1 85 1 85 1 47 1 70 0 70 0 34 0 37 0 35 0 47 0 308 0 222 1 269 1 269 1 199 1 225 1 225 1 156 1 
96 1 96 1 96 1 96 1 96 1 176 0 176 0 156 0 47 0 47 0 114 0 47 1 47 0 84 1 85 0 86 0 85 0 47 1 73 1 73 1 149 0 60 0 150 0 73 1 164 0 165 0 165 0 165 0 165 0 165 0 165 0 308 0 
47 0 47 0 47 0 47 0 47 1 176 0 176 0 202 0 223 0 223 0 156 0 182 0 182 1 107 0 47 0 47 0 47 0 47 0 73 0 73 1 149 0 60 0 150 0 73 1 73 1 73 1 73 1 73 1 73 1 73 1 73 1 73 1 
47 0 47 0 47 0 47 1 47 1 176 0 179 0 248 0 179 0 179 0 180 0 182 0 182 0 130 0 47 0 47 0 47 0 47 0 73 0 73 1 149 0 60 0 150 0 73 1 73 1 73 0 73 0 73 0 73 0 73 0 73 0 73 1 
47 0 47 0 47 0 47 1 47 0 176 0 176 0 202 0 223 0 201 1 203 1 108 0 132 0 223 0 223 0 223 0 223 0 200 0 96 0 96 1 241 0 83 0 242 0 96 1 73 1 73 0 73 0 73 0 73 0 73 0 73 0 73 1 
47 0 47 0 47 0 47 1 47 0 176 1 176 1 246 1 24 1 24 0 245 1 153 0 177 0 223 0 223 0 223 0 223 0 200 0 47 1 47 0 47 0 47 0 47 0 47 0 96 1 73 1 73 1 73 1 73 1 73 1 73 1 73 1 
47 0 47 0 47 0 47 1 47 1 24 0 24 0 24 1 47 1 47 0 245 1 269 1 269 1 155 0 223 0 223 0 223 0 200 0 47 1 47 1 47 1 47 0 47 0 47 0 47 0 262 0 142 0 168 0 168 0 168 0 142 0 142 0 
559 0 559 0 559 0 559 0 559 0 559 0 517 0 517 0 517 0 559 0 626 0 520 0 520 1 223 0 223 0 223 0 223 0 200 0 517 0 518 1 47 1 47 0 47 0 47 0 47 0 47 0 142 0 142 0 142 0 168 0 142 0 142 0 
496 1 496 1 496 1 496 1 496 1 496 1 496 1 496 1 496 1 496 1 496 1 496 1 496 0 176 0 178 0 178 0 178 0 200 0 496 1 541 1 47 1 47 0 47 0 47 0 47 0 47 0 142 0 142 0 142 0 168 0 168 0 142 0 
496 0 496 0 496 0 496 0 496 0 496 0 496 0 496 0 496 0 496 0 496 0 496 1 512 0 268 0 223 1 223 1 223 1 202 1 563 0 564 0 47 0 47 0 47 0 47 0 47 0 47 0 142 0 142 0 142 0 142 0 142 0 142 0 
496 0 496 0 496 0 496 0 496 0 496 0 496 0 496 0 496 0 496 0 496 0 496 1 541 1 47 1 24 0 210 0 189 0 189 0 189 0 189 0 189 0 189 0 189 0 189 0 189 0 329 0 47 0 47 0 47 0 47 0 47 0 47 0 
496 0 496 0 496 0 496 0 496 0 496 0 496 0 496 0 496 0 496 0 496 0 496 1 541 0 47 0 47 0 47 0 47 0 47 0 47 0 47 0 34 0 37 0 35 0 47 0 47 0 47 0 47 0 47 0 47 0 47 0 47 0 47 0 
32
18
2

-1 -1 -1 -1 -1 -1 -1 -1 -1 -1 -1 -1 -1 -1 -1 -1 -1 -1 201 247 271 248 229 -1 -1 -1 -1 -1 157 -1 -1 160 
-1 -1 -1 -1 -1 -1 -1 -1 -1 -1 -1 -1 -1 -1 -1 -1 -1 -1 -1 249 250 250 251 118 119 119 119 119 66 -1 -1 158 
-1 -1 -1 -1 -1 -1 -1 -1 -1 -1 -1 -1 -1 -1 -1 231 231 322 254 -1 -1 -1 -1 141 -1 157 159 159 -1 -1 -1 -1 
-1 -1 -1 -1 -1 157 182 160 -1 -1 -1 -1 -1 -1 -1 -1 -1 -1 -1 -1 -1 -1 -1 -1 -1 -1 62 113 -1 -1 -1 -1 
-1 -1 -1 -1 -1 180 182 183 -1 -1 -1 -1 -1 -1 -1 -1 -1 -1 231 -1 -1 -1 -1 141 -1 -1 -1 -1 -1 -1 -1 -1 
-1 -1 -1 -1 278 -1 -1 -1 90 -1 68 -1 -1 -1 -1 -1 -1 -1 -1 -1 -1 -1 -1 141 -1 -1 -1 -1 -1 -1 -1 -1 
-1 -1 -1 -1 301 -1 -1 -1 -1 -1 -1 279 -1 61 62 -1 -1 64 -1 -1 -1 -1 -1 164 322 -1 -1 -1 -1 -1 -1 -1 
-1 -1 -1 -1 276 -1 -1 -1 132 132 -1 277 -1 -1 -1 -1 -1 87 -1 -1 -1 -1 -1 -1 -1 -1 -1 -1 -1 -1 -1 -1 
-1 -1 231 207 299 -1 -1 156 -1 -1 157 -1 -1 -1 108 132 109 110 279 -1 -1 -1 -1 -1 -1 -1 -1 -1 -1 -1 -1 -1 
-1 -1 -1 278 279 -1 -1 -1 -1 -1 66 -1 -1 -1 131 179 179 133 302 -1 -1 -1 -1 -1 -1 -1 -1 -1 -1 -1 -1 -1 
-1 -1 -1 301 302 -1 -1 278 279 -1 -1 -1 -1 155 -1 179 -1 156 277 -1 -1 -1 -1 -1 -1 -1 -1 -1 -1 -1 -1 -1 
-1 -1 -1 276 277 -1 -1 276 277 -1 -1 -1 -1 199 179 132 179 -1 300 -1 -1 -1 -1 -1 -1 -1 -1 -1 -1 -1 -1 -1 
-1 -1 -1 299 300 -1 -1 299 300 209 -1 -1 -1 -1 132 179 132 156 204 278 279 -1 -1 -1 -1 258 -1 -1 -1 -1 -1 -1 
-1 -1 -1 -1 -1 -1 -1 -1 -1 -1 -1 322 278 279 -1 132 -1 -1 -1 276 277 -1 -1 -1 -1 141 -1 -1 -1 -1 -1 -1 
-1 -1 -1 -1 -1 -1 -1 -1 -1 -1 -1 -1 301 302 -1 -1 -1 -1 -1 299 300 -1 -1 -1 -1 141 -1 -1 -1 -1 -1 -1 
-1 -1 -1 -1 -1 -1 -1 -1 -1 -1 -1 -1 276 277 -1 -1 -1 -1 -1 326 -1 -1 -1 -1 -1 141 -1 -1 -1 -1 -1 -1 
-1 -1 -1 -1 -1 -1 -1 -1 -1 -1 -1 -1 299 300 163 -1 -1 -1 -1 -1 -1 -1 -1 -1 -1 324 165 165 165 165 165 165 
-1 -1 -1 -1 -1 -1 -1 -1 -1 -1 -1 -1 -1 -1 209 -1 -1 -1 -1 -1 -1 -1 -1 -1 -1 -1 -1 -1 -1 -1 -1 -1 0 