32
18
1

142 0 142 0 142 0 142 0 142 0 142 0 142 0 142 0 142 0 142 0 142 0 142 0 142 0 142 0 142 0 142 0 142 0 142 1 142 0 142 0 142 0 142 0 142 0 142 0 142 0 142 0 142 0 142 0 142 0 142 0 142 0 142 0 
142 0 142 0 142 0 142 0 142 0 142 0 142 0 142 0 142 0 142 0 142 0 142 0 142 0 142 0 142 0 142 0 142 1 142 1 142 1 142 1 142 1 142 1 142 1 142 1 142 1 142 1 142 1 142 1 142 0 142 0 142 0 142 0 
142 0 142 0 142 0 142 0 142 0 142 0 142 0 142 0 142 0 142 0 142 0 142 0 142 0 142 0 142 0 142 0 142 0 142 0 142 0 142 0 142 0 142 0 142 0 142 0 142 0 142 0 142 0 142 0 142 0 142 0 142 0 142 0 
73 1 73 1 73 1 73 1 73 1 73 1 142 1 142 1 142 0 142 0 142 0 142 0 142 0 142 0 142 0 142 0 509 1 490 0 490 0 490 0 511 0 142 0 142 0 142 0 142 0 142 0 142 0 142 0 142 0 142 0 142 0 142 0 
142 0 142 0 142 0 142 0 142 0 142 0 142 0 142 1 142 0 142 0 142 0 142 0 142 0 142 0 142 0 509 0 491 0 496 1 496 1 496 1 489 0 511 0 142 0 142 0 142 0 142 1 142 1 142 1 142 1 142 1 142 1 142 1 
142 0 142 0 142 0 142 0 142 0 142 0 142 0 142 0 142 0 142 0 142 0 142 0 142 1 142 0 509 0 491 1 496 1 496 0 496 0 496 0 496 1 489 0 511 0 142 0 142 0 142 1 142 1 142 0 142 0 142 0 142 0 142 0 
142 0 142 0 142 0 142 0 142 0 142 0 142 0 142 0 142 0 142 0 142 0 142 0 142 0 142 0 532 0 496 1 496 0 496 1 496 0 496 1 496 1 496 1 466 1 142 0 142 0 142 1 142 0 142 0 142 0 142 0 142 0 142 0 
142 0 142 0 142 0 142 0 142 0 142 0 142 0 142 0 60 0 60 0 60 0 142 0 142 0 142 0 555 0 556 0 556 1 556 0 486 1 556 0 556 0 556 0 557 0 142 0 142 0 168 1 168 0 142 0 142 0 142 0 142 0 142 0 
73 1 73 1 73 1 73 1 73 1 73 1 73 1 73 1 149 0 60 0 150 0 73 1 73 1 73 1 73 1 73 1 73 1 73 1 391 0 73 1 73 1 73 1 73 1 73 1 73 1 73 1 73 1 73 1 73 1 73 1 73 1 73 1 
73 1 73 0 73 0 73 0 73 0 73 0 73 0 73 1 149 0 60 0 150 0 73 1 73 0 73 0 73 0 73 0 73 0 73 0 470 0 73 0 73 0 73 0 73 0 73 0 73 0 73 0 73 0 73 0 73 0 73 0 73 0 73 1 
73 1 73 0 73 0 73 0 73 0 73 0 73 0 73 1 149 0 60 0 150 0 73 1 73 0 73 0 73 0 73 0 73 0 73 0 470 0 73 0 73 0 73 0 73 0 73 0 73 0 73 0 73 0 73 0 73 0 73 0 73 0 73 1 
73 1 73 1 73 1 73 1 73 1 73 1 73 1 73 1 149 0 60 0 150 0 73 1 73 1 73 1 73 1 73 1 73 1 73 1 447 0 73 1 73 1 73 1 73 1 73 1 73 1 73 1 73 1 73 1 73 1 73 1 73 1 73 1 
142 0 142 0 142 0 142 0 142 0 142 0 142 0 142 0 142 0 142 0 142 0 142 0 142 0 142 0 142 0 142 0 142 0 468 0 496 1 466 0 142 0 142 0 142 0 142 0 142 0 142 0 142 0 142 0 142 0 142 0 142 0 142 0 
142 0 142 0 142 0 142 0 142 0 142 0 142 0 142 0 142 0 142 0 142 0 142 0 142 0 142 0 142 0 142 0 142 0 468 0 496 1 466 0 142 0 142 0 142 0 142 0 142 0 142 0 142 0 142 0 142 0 142 0 142 0 142 0 
142 0 142 0 142 0 142 0 142 0 331 0 165 0 165 0 308 0 142 0 142 0 142 0 142 0 142 0 142 0 142 0 142 0 468 0 496 1 466 0 142 0 142 0 142 0 142 0 142 0 142 0 142 0 142 0 142 0 142 0 142 0 142 0 
142 0 142 0 142 0 142 0 331 0 166 0 47 0 47 0 164 0 165 0 308 0 142 0 142 0 142 0 286 0 165 0 165 0 468 0 496 1 466 0 142 0 142 0 142 0 142 0 142 0 142 0 142 0 142 0 142 0 142 0 142 0 142 0 
165 0 165 0 165 0 165 0 166 0 47 0 47 0 47 0 47 0 47 0 164 0 165 0 165 0 165 0 166 0 47 0 47 0 537 0 496 1 466 0 165 0 165 0 165 0 165 0 165 0 165 0 165 0 165 0 285 0 142 0 142 0 142 0 
47 0 47 0 47 0 47 0 47 0 47 0 47 0 47 0 47 0 47 0 47 0 47 0 47 0 47 0 47 0 47 0 47 0 537 0 496 1 541 0 47 0 47 0 47 0 47 0 47 0 47 0 47 0 47 0 141 0 142 0 142 0 142 0 
32
18
2

-1 -1 -1 -1 -1 -1 -1 -1 -1 -1 -1 -1 -1 -1 -1 -1 -1 229 -1 -1 -1 -1 -1 -1 -1 -1 -1 -1 -1 -1 -1 -1 
-1 -1 -1 -1 -1 -1 -1 -1 -1 -1 -1 -1 -1 -1 -1 -1 253 249 250 250 250 250 250 250 250 250 250 251 -1 -1 -1 -1 
-1 -1 -1 -1 -1 -1 -1 -1 -1 324 326 -1 -1 -1 -1 -1 -1 -1 -1 -1 -1 -1 -1 -1 -1 -1 -1 -1 -1 -1 -1 -1 
-1 -1 -1 -1 -1 -1 235 233 -1 -1 325 -1 -1 -1 -1 -1 230 -1 -1 -1 -1 -1 -1 -1 -1 -1 -1 -1 -1 -1 -1 -1 
-1 -1 -1 -1 -1 -1 -1 253 -1 -1 -1 -1 -1 -1 -1 -1 -1 -1 -1 -1 326 -1 -1 -1 -1 226 250 250 250 250 250 250 
-1 -1 -1 -1 -1 -1 -1 -1 -1 -1 -1 -1 230 -1 -1 233 -1 -1 -1 -1 -1 -1 -1 -1 -1 229 233 -1 -1 -1 -1 -1 
-1 -1 -1 -1 -1 -1 -1 -1 -1 -1 -1 -1 -1 -1 -1 -1 -1 -1 -1 -1 -1 -1 235 -1 -1 229 -1 -1 -1 -1 -1 -1 
-1 -1 -1 -1 -1 -1 -1 -1 -1 -1 -1 -1 -1 -1 -1 -1 253 -1 -1 -1 -1 -1 -1 -1 -1 252 -1 -1 -1 -1 -1 -1 
-1 -1 -1 -1 -1 -1 -1 -1 -1 -1 -1 -1 -1 -1 -1 -1 -1 -1 -1 -1 -1 -1 -1 -1 -1 -1 -1 -1 -1 -1 -1 -1 
-1 -1 -1 -1 -1 -1 -1 -1 -1 -1 -1 -1 -1 -1 -1 326 -1 -1 -1 -1 -1 -1 -1 -1 -1 -1 -1 -1 -1 -1 -1 -1 
-1 -1 -1 -1 -1 -1 -1 -1 -1 -1 -1 -1 -1 -1 -1 -1 -1 -1 -1 -1 -1 -1 -1 -1 -1 -1 -1 -1 -1 -1 -1 -1 
-1 -1 -1 -1 -1 -1 -1 -1 -1 -1 -1 -1 -1 -1 -1 -1 -1 -1 -1 -1 -1 -1 -1 -1 -1 -1 -1 -1 -1 -1 -1 -1 
-1 -1 -1 -1 -1 -1 -1 -1 -1 -1 -1 -1 -1 -1 -1 -1 -1 -1 -1 -1 -1 -1 -1 -1 -1 -1 -1 -1 -1 -1 -1 -1 
-1 -1 -1 -1 -1 -1 -1 -1 -1 -1 -1 -1 -1 -1 -1 -1 -1 -1 -1 -1 -1 -1 -1 -1 -1 -1 -1 -1 -1 -1 -1 -1 
-1 -1 -1 -1 -1 -1 -1 -1 -1 -1 -1 -1 -1 -1 -1 -1 -1 -1 -1 -1 -1 -1 -1 -1 -1 -1 -1 -1 -1 -1 -1 -1 
-1 -1 -1 -1 -1 -1 -1 -1 -1 -1 -1 -1 322 -1 -1 -1 -1 -1 -1 322 -1 -1 -1 -1 -1 -1 -1 -1 -1 -1 -1 -1 
-1 -1 -1 -1 -1 -1 -1 -1 -1 -1 -1 -1 -1 -1 -1 -1 -1 -1 -1 -1 -1 -1 -1 -1 -1 -1 -1 303 257 -1 -1 -1 
-1 -1 -1 -1 -1 -1 -1 -1 -1 -1 -1 -1 -1 -1 -1 -1 -1 -1 -1 -1 -1 -1 -1 -1 -1 -1 -1 256 -1 -1 -1 -1 0 