32
18
1

142 0 168 0 168 0 165 0 165 0 285 0 142 0 142 0 168 0 142 0 142 0 168 0 142 0 142 0 168 0 168 0 168 0 168 0 142 0 142 0 142 0 142 0 286 0 165 0 165 0 165 0 165 0 165 0 165 0 165 0 165 0 165 0 
165 0 165 0 166 0 47 0 47 0 164 0 165 0 165 0 165 0 285 0 142 0 168 0 142 0 168 0 168 0 168 0 168 0 142 0 142 0 286 0 165 0 165 0 166 0 47 0 47 0 47 0 47 0 47 0 47 0 47 0 47 0 47 0 
47 0 47 0 47 0 47 0 47 0 47 0 47 0 47 0 47 0 141 0 142 0 142 0 168 0 168 0 168 0 168 0 142 0 142 0 142 0 143 0 47 0 47 0 47 0 506 0 507 0 507 0 507 0 507 0 507 0 507 0 507 0 507 0 
569 0 559 0 559 0 559 0 559 0 559 0 559 0 518 0 47 0 164 0 165 0 165 0 165 0 165 0 165 0 165 0 165 0 165 0 165 0 166 0 47 0 516 0 517 0 560 0 496 1 496 1 496 1 496 1 496 1 496 1 496 1 496 1 
496 1 496 1 496 1 496 1 496 1 496 1 496 1 541 0 47 0 47 0 47 0 47 0 47 0 47 0 47 0 47 0 47 0 47 0 47 0 47 0 47 0 537 0 486 1 486 1 496 1 496 0 496 0 496 0 496 0 496 0 496 0 496 0 
496 0 496 0 496 0 496 0 496 0 496 0 496 1 568 1 569 0 569 0 569 0 569 0 569 0 569 0 569 0 33 0 33 0 569 0 569 0 569 0 569 0 560 0 486 1 486 0 496 0 496 0 496 0 496 0 496 0 496 0 496 0 496 0 
496 1 496 1 496 1 496 1 496 1 496 1 496 1 496 1 496 1 496 1 496 1 496 1 496 1 496 1 496 1 33 0 33 0 496 1 496 1 496 1 496 1 496 1 496 1 496 1 496 1 496 1 496 1 496 1 496 1 496 0 496 0 496 0 
563 0 523 0 523 0 523 0 523 0 523 0 523 0 523 0 523 0 523 0 523 0 523 0 523 0 524 0 496 1 33 0 33 0 496 1 496 1 496 1 496 1 496 1 496 1 496 1 512 0 513 0 513 0 513 0 513 0 513 1 513 0 513 0 
47 0 47 0 47 0 47 0 47 0 47 0 47 0 47 0 47 0 47 0 47 0 47 0 47 0 562 0 523 0 47 0 47 0 523 0 523 0 523 0 523 0 523 0 523 0 523 0 554 0 47 0 47 0 47 1 47 1 47 1 47 0 47 0 
47 0 47 0 47 0 47 0 47 0 47 0 47 0 47 0 47 0 47 0 47 0 47 0 47 0 47 0 47 0 47 0 47 0 47 0 47 0 47 0 47 0 47 0 47 0 47 0 47 0 47 0 47 0 47 1 47 0 47 0 47 0 47 0 
47 0 47 0 47 0 47 0 47 0 47 0 47 0 47 0 47 0 47 0 47 0 47 0 47 0 47 0 47 0 47 0 47 0 47 0 47 0 47 0 47 0 47 0 47 0 47 0 47 0 47 0 47 0 47 1 47 1 47 0 47 0 47 0 
47 0 47 0 47 1 47 1 47 0 47 0 47 0 47 0 47 0 47 0 47 0 47 0 47 0 47 0 47 0 47 0 47 0 47 0 47 0 47 0 47 0 47 0 47 0 47 0 47 1 47 1 47 0 47 0 47 1 47 0 47 0 47 0 
47 1 47 1 47 1 47 1 47 0 47 1 47 1 47 0 47 1 47 1 47 0 47 0 47 0 47 0 47 0 47 0 47 0 47 0 47 0 47 1 47 1 47 0 47 0 47 0 47 1 47 1 47 0 47 0 47 1 47 0 47 0 47 0 
47 0 47 0 47 0 47 1 47 0 47 1 47 1 47 0 47 1 47 1 47 0 47 0 47 0 47 0 47 0 47 1 47 1 47 0 47 0 47 1 47 1 47 0 47 1 47 1 47 1 47 1 47 1 47 1 47 1 47 0 47 0 47 0 
47 0 47 0 47 0 47 1 47 0 47 1 47 1 47 0 47 1 47 1 47 0 47 1 47 1 47 1 47 1 47 1 47 1 47 0 47 0 47 1 47 1 47 0 47 1 47 0 47 0 47 0 47 0 47 0 47 0 47 0 47 0 47 0 
47 0 47 0 47 0 47 1 47 1 47 1 47 1 47 1 47 1 47 1 47 0 47 1 47 0 47 0 47 0 47 0 47 1 47 1 47 1 47 1 47 1 47 0 47 1 47 0 47 0 47 0 47 0 47 0 47 0 47 0 47 0 47 0 
47 0 47 0 47 0 47 0 47 0 47 0 47 0 47 0 47 0 47 1 47 1 47 1 47 0 47 0 47 0 47 0 47 0 47 0 47 0 47 0 47 1 47 1 47 1 47 0 47 0 47 0 47 0 47 0 47 0 47 0 47 0 47 0 
47 0 47 0 47 0 47 0 47 0 47 0 47 0 47 0 47 0 47 0 47 0 47 0 47 0 47 0 47 0 47 0 47 0 47 0 47 0 47 0 47 0 47 0 47 0 47 0 47 0 47 0 47 0 47 0 47 0 47 0 47 0 47 0 
32
18
2

-1 -1 -1 -1 -1 -1 -1 -1 -1 -1 -1 -1 -1 -1 -1 -1 -1 -1 -1 -1 -1 -1 -1 -1 -1 -1 -1 -1 -1 -1 -1 -1 
-1 -1 -1 -1 -1 164 -1 -1 -1 323 -1 280 -1 -1 -1 -1 -1 -1 -1 -1 -1 -1 254 254 231 231 254 231 -1 -1 -1 -1 
-1 -1 -1 -1 -1 -1 -1 -1 -1 -1 256 -1 -1 -1 -1 -1 -1 -1 -1 -1 -1 -1 -1 -1 -1 -1 -1 -1 -1 -1 -1 -1 
-1 -1 -1 -1 -1 -1 -1 -1 231 -1 -1 -1 -1 -1 -1 -1 -1 -1 -1 -1 -1 -1 -1 322 -1 -1 -1 -1 -1 -1 -1 -1 
-1 -1 -1 -1 -1 -1 -1 -1 231 -1 -1 -1 -1 -1 -1 -1 -1 -1 -1 -1 -1 -1 -1 -1 -1 -1 -1 -1 -1 -1 -1 -1 
-1 -1 -1 -1 -1 -1 -1 326 326 -1 -1 -1 -1 -1 -1 -1 -1 -1 -1 -1 -1 -1 -1 -1 -1 -1 -1 -1 -1 -1 -1 -1 
-1 -1 -1 -1 -1 -1 -1 -1 -1 -1 -1 -1 -1 -1 295 -1 -1 297 -1 -1 -1 -1 -1 -1 -1 -1 -1 -1 -1 278 279 -1 
-1 -1 -1 -1 -1 -1 326 -1 -1 -1 -1 -1 -1 -1 295 33 -1 297 -1 -1 -1 -1 -1 -1 323 -1 -1 -1 -1 301 302 -1 
-1 -1 -1 -1 -1 -1 -1 -1 -1 -1 -1 -1 -1 322 -1 33 33 -1 -1 -1 -1 326 -1 -1 -1 -1 -1 278 279 276 277 -1 
-1 -1 -1 -1 -1 -1 -1 -1 -1 -1 -1 -1 -1 -1 -1 -1 -1 -1 -1 -1 -1 -1 -1 -1 -1 -1 -1 276 277 299 300 278 
-1 -1 -1 -1 186 186 -1 -1 -1 -1 -1 -1 -1 -1 -1 -1 -1 -1 -1 -1 -1 -1 -1 -1 -1 -1 -1 299 300 161 209 301 
-1 -1 278 279 -1 209 -1 -1 -1 -1 -1 -1 -1 -1 -1 -1 -1 -1 -1 -1 -1 -1 -1 -1 278 279 163 186 278 279 -1 276 
278 279 301 302 -1 278 279 232 278 279 -1 209 -1 -1 -1 -1 -1 -1 -1 278 279 -1 -1 -1 301 302 186 186 301 302 -1 299 
301 302 276 277 -1 301 302 232 301 302 -1 209 209 -1 -1 278 279 -1 -1 301 302 -1 278 279 276 277 278 279 276 277 278 279 
276 277 299 300 -1 276 277 232 276 277 -1 278 279 278 279 301 302 -1 -1 276 277 -1 301 302 299 300 276 277 299 300 301 302 
299 300 186 278 279 299 300 138 299 300 -1 276 277 301 302 276 277 278 279 299 300 326 276 277 257 -1 299 300 -1 255 276 277 
161 186 -1 301 302 -1 162 278 279 255 138 299 300 276 277 299 300 276 277 163 278 279 299 300 278 279 278 279 140 -1 299 300 
279 -1 -1 276 277 -1 -1 301 302 278 279 -1 323 299 300 -1 -1 299 300 -1 301 302 278 279 276 277 301 302 140 -1 278 279 0 