32
18
1

391 0 401 0 391 0 27 0 73 0 391 0 414 0 391 0 414 0 391 0 414 0 391 0 73 0 27 0 391 0 391 0 391 0 401 0 391 0 391 0 391 0 401 0 391 1 172 0 60 0 173 0 401 1 391 0 401 0 391 0 391 0 391 0 
460 0 460 0 460 0 27 0 73 0 447 0 98 0 437 0 98 1 437 0 98 0 447 0 73 0 27 0 460 0 460 0 470 0 470 0 470 0 470 0 470 0 470 0 470 1 172 0 60 0 173 0 460 1 460 0 460 0 460 0 460 0 460 0 
437 0 447 0 437 0 27 0 288 0 486 1 438 1 486 1 47 0 486 1 438 1 486 1 287 0 27 0 437 0 437 0 447 0 437 0 447 0 437 0 447 0 447 0 437 1 172 0 60 0 173 0 437 1 447 0 437 0 437 0 437 0 447 0 
486 0 486 0 486 0 425 0 311 0 486 1 47 0 47 0 47 0 47 0 47 0 486 1 310 0 486 0 486 0 486 0 486 0 486 0 486 0 486 0 486 0 486 0 486 1 172 0 60 0 173 0 496 1 486 0 486 0 486 0 486 0 486 0 
486 0 486 0 486 0 486 0 311 0 486 1 47 0 47 0 47 0 47 0 47 0 486 1 310 0 486 0 486 0 486 0 486 0 486 0 486 0 486 0 486 0 486 0 443 1 264 0 83 0 265 0 455 1 486 0 486 0 486 0 486 0 486 0 
486 0 486 0 486 0 486 0 311 0 486 1 70 0 34 0 37 0 35 0 47 0 486 1 310 0 486 0 486 0 486 0 486 0 486 0 486 0 486 0 486 0 486 1 545 0 47 0 47 0 47 0 537 1 486 0 486 0 486 0 486 0 486 0 
486 0 486 0 486 0 486 0 221 0 414 0 73 1 149 0 60 0 173 0 73 1 414 0 289 0 486 0 486 0 486 0 486 0 486 0 486 0 486 0 486 0 486 1 545 0 47 0 47 0 47 0 552 1 514 0 486 0 486 0 486 0 486 0 
486 0 486 0 486 0 486 0 486 0 486 0 522 1 172 0 60 0 173 0 524 1 486 0 486 0 486 0 486 0 486 1 486 1 486 1 486 1 486 1 486 1 512 0 554 0 47 0 47 0 47 0 47 1 537 1 486 0 486 0 486 0 486 0 
486 0 486 0 486 0 486 0 486 0 486 0 545 1 172 0 60 0 173 0 547 1 486 0 486 0 486 0 486 0 486 1 522 0 523 0 523 0 523 0 523 0 554 0 47 0 47 0 47 0 47 0 47 0 537 0 486 1 486 0 486 0 486 0 
513 0 514 0 486 0 486 0 486 0 486 0 545 1 172 0 60 0 173 0 547 1 486 0 486 0 486 0 486 0 486 1 535 0 47 0 47 0 47 0 47 0 47 0 47 0 47 0 47 0 47 0 47 0 537 0 486 1 486 0 486 0 486 0 
47 0 537 0 486 0 486 0 486 0 486 0 545 1 172 0 60 0 173 0 547 1 486 0 486 0 486 0 486 0 486 1 535 0 47 0 47 0 47 0 47 0 47 0 47 0 47 0 47 0 47 0 47 0 537 0 486 1 486 0 486 0 486 0 
47 0 562 0 523 0 523 0 523 1 523 1 564 1 241 0 83 0 242 0 547 1 486 0 486 0 486 0 486 0 486 1 535 0 47 0 47 0 47 0 47 0 47 0 47 0 47 0 47 0 47 0 47 0 537 0 486 1 486 0 486 0 486 0 
47 0 47 0 47 0 47 1 47 0 47 0 47 0 47 0 47 0 47 1 547 1 486 0 486 0 486 0 486 0 486 1 535 0 70 0 47 0 47 0 47 0 47 0 47 0 47 0 47 0 47 0 47 0 537 0 486 1 486 0 486 0 486 0 
47 0 47 1 47 1 47 1 47 0 47 0 47 0 47 0 47 0 516 1 570 1 486 0 486 0 486 0 486 0 486 1 499 0 33 0 69 0 47 0 47 0 516 0 559 0 559 0 559 0 559 0 559 0 560 0 486 1 486 0 486 0 486 0 
47 0 47 1 47 0 47 0 47 0 47 0 47 0 47 0 516 1 570 1 496 0 486 0 486 0 486 0 486 0 486 0 486 1 33 0 54 0 69 0 506 0 570 0 486 1 486 1 486 1 486 1 486 1 486 1 486 1 486 0 486 0 486 0 
47 0 47 1 47 0 47 0 47 0 47 0 47 1 516 1 570 1 486 0 486 0 486 0 486 0 486 0 486 0 486 0 486 1 33 0 54 0 33 0 501 0 486 1 486 0 486 0 486 0 486 0 486 0 486 0 486 0 486 0 486 0 486 0 
47 0 47 1 47 0 47 0 47 0 47 0 47 1 539 0 486 0 486 0 486 0 486 0 486 0 486 0 486 0 486 0 486 1 33 0 54 0 33 0 486 1 486 0 486 0 486 0 486 0 486 0 486 0 486 0 486 0 486 0 486 0 486 0 
47 1 47 0 47 0 47 0 47 0 47 0 47 1 539 0 486 0 486 0 486 0 486 0 486 0 486 0 486 0 486 0 486 1 33 0 54 0 33 0 486 1 486 0 486 0 486 0 486 0 486 0 486 0 486 0 486 0 486 0 486 0 486 0 
32
18
2

-1 -1 -1 -1 -1 -1 -1 -1 -1 -1 -1 -1 -1 -1 -1 -1 -1 -1 -1 -1 -1 -1 -1 -1 -1 -1 -1 -1 -1 -1 -1 -1 
-1 -1 -1 -1 -1 -1 -1 -1 333 -1 -1 -1 -1 -1 -1 -1 -1 -1 -1 -1 -1 -1 -1 -1 -1 -1 -1 -1 -1 -1 -1 -1 
-1 -1 -1 -1 295 -1 -1 295 -1 297 -1 -1 297 -1 -1 -1 -1 -1 -1 -1 -1 -1 -1 -1 -1 -1 -1 -1 -1 -1 -1 -1 
-1 -1 -1 -1 295 -1 275 273 -1 319 298 -1 297 -1 -1 -1 -1 -1 -1 -1 -1 -1 -1 -1 -1 -1 -1 -1 -1 -1 -1 -1 
-1 -1 -1 -1 295 -1 297 -1 -1 -1 295 -1 297 -1 -1 -1 -1 -1 -1 -1 -1 -1 162 -1 -1 -1 278 279 -1 -1 -1 -1 
-1 -1 -1 -1 295 -1 297 -1 -1 -1 295 -1 297 -1 -1 -1 -1 -1 -1 -1 -1 -1 -1 209 -1 -1 301 302 -1 -1 -1 -1 
-1 -1 -1 -1 -1 -1 -1 -1 -1 -1 -1 -1 -1 -1 -1 -1 -1 -1 -1 -1 -1 -1 -1 -1 -1 -1 276 277 -1 -1 -1 -1 
-1 -1 -1 -1 -1 -1 326 -1 -1 -1 -1 -1 -1 -1 -1 -1 -1 -1 -1 -1 -1 -1 -1 -1 -1 186 299 300 -1 -1 -1 -1 
-1 -1 -1 -1 -1 -1 -1 -1 -1 -1 -1 -1 -1 -1 -1 -1 -1 326 323 -1 -1 -1 209 -1 -1 186 163 -1 -1 -1 -1 -1 
279 -1 -1 -1 -1 278 279 -1 -1 -1 322 -1 -1 -1 -1 -1 322 -1 -1 -1 -1 -1 -1 -1 209 186 186 -1 -1 -1 -1 -1 
302 -1 -1 -1 -1 301 302 -1 -1 -1 -1 -1 -1 -1 -1 -1 -1 -1 -1 -1 -1 -1 -1 -1 -1 -1 209 -1 -1 -1 -1 -1 
277 -1 278 279 -1 276 277 -1 -1 -1 -1 -1 -1 -1 -1 -1 -1 -1 -1 -1 -1 -1 -1 -1 -1 -1 -1 -1 -1 -1 -1 -1 
300 -1 276 277 322 299 300 -1 -1 162 -1 -1 -1 -1 -1 -1 -1 303 -1 -1 209 -1 -1 -1 -1 -1 -1 -1 -1 -1 -1 -1 
278 279 299 300 -1 -1 -1 -1 209 -1 -1 -1 -1 -1 -1 -1 -1 -1 -1 209 163 -1 -1 -1 -1 -1 -1 322 -1 -1 -1 -1 
301 302 -1 -1 -1 -1 -1 163 -1 -1 -1 -1 -1 -1 -1 -1 295 -1 -1 -1 -1 -1 -1 -1 -1 -1 -1 -1 -1 -1 -1 -1 
276 277 -1 -1 -1 -1 278 279 -1 -1 -1 -1 -1 -1 -1 -1 295 -1 -1 -1 -1 -1 -1 -1 -1 -1 -1 -1 -1 -1 -1 -1 
299 300 -1 -1 -1 -1 301 302 -1 -1 -1 -1 -1 -1 -1 -1 295 -1 -1 -1 297 -1 -1 -1 -1 -1 -1 -1 -1 -1 -1 -1 
279 -1 -1 -1 -1 -1 276 277 -1 -1 -1 -1 -1 -1 -1 -1 295 -1 -1 -1 297 -1 -1 -1 -1 -1 -1 -1 -1 -1 -1 -1 70 200 400 574 324 645 347 757 358 786 273 710 281 743 306 681 322 147 432 89 510 134 502 91 456 575 449 557 396 826 379 801 355 831 298 784 178 752 213 747 261 792 312 616 421 669 383 545 289 557 497 602 502 801 226 740 159 526 109 470 157 416 278 472 381 387 406 349 348 454 323 499 252 616 163 684 125 552 145 593 204 586 249 361 474 447 482 298 464 770 34 529 356 693 239 768 77 211 127 270 108 254 176 271 267 254 329 241 398 166 456 201 451 499 448 429 437 753 390 579 541 713 328 743 113 788 112 590 379 622 307 658 289 713 365 246 223 234 280 45 533 