32
18
1

496 0 496 0 496 0 496 0 496 0 496 0 496 0 496 0 496 0 496 0 496 0 496 1 531 0 47 0 47 0 47 0 47 0 47 0 47 0 47 0 47 0 47 0 47 0 47 0 47 0 47 0 47 0 47 0 47 0 47 0 47 0 47 0 
496 0 496 0 496 0 496 0 496 0 496 0 496 0 496 0 496 0 496 0 496 0 496 1 531 0 47 0 47 0 47 0 47 0 47 0 47 0 47 0 70 0 70 0 47 0 47 0 47 0 47 0 47 0 47 0 47 0 47 0 47 0 47 0 
496 0 496 0 496 0 496 0 496 0 496 0 496 0 496 0 496 0 496 0 496 0 496 1 558 0 559 0 559 0 559 0 559 0 559 0 559 0 517 0 33 0 33 0 517 0 507 0 559 0 559 0 559 0 559 0 559 0 559 0 559 0 559 0 
496 0 496 0 496 0 496 0 496 0 496 0 496 0 496 0 496 0 496 0 486 0 496 0 486 1 486 1 486 1 496 1 496 1 496 1 496 1 486 1 33 0 33 0 486 1 486 1 496 1 496 1 496 1 496 1 496 1 496 1 496 1 496 1 
496 0 496 0 496 0 496 0 496 0 496 0 496 0 496 0 496 0 496 0 486 0 496 0 496 0 496 0 496 1 496 1 496 1 496 1 496 1 486 1 33 0 33 0 486 1 486 0 496 0 496 1 496 1 496 1 496 1 496 1 496 1 496 1 
496 0 496 0 496 0 496 0 496 0 496 0 496 0 496 0 496 0 496 0 496 0 496 1 512 1 513 1 513 0 513 0 513 0 513 0 513 0 553 0 33 0 33 0 553 0 553 1 513 1 513 0 513 0 513 0 513 0 513 0 513 0 513 0 
496 0 496 0 496 0 496 0 496 0 496 0 496 0 496 0 496 0 496 0 496 0 496 1 531 1 47 1 47 0 47 0 47 0 47 0 47 0 47 0 24 0 24 0 47 0 47 1 47 1 47 0 47 0 47 0 47 0 47 0 47 0 47 0 
486 0 486 0 486 0 486 0 486 0 486 0 486 0 486 0 486 0 486 0 486 0 486 1 531 0 47 0 47 0 47 0 47 0 47 0 47 0 47 0 47 0 47 0 47 0 47 0 47 0 47 0 47 0 47 0 47 0 47 0 47 0 47 0 
486 0 486 0 486 0 486 0 486 0 486 0 486 0 486 0 486 0 486 0 486 0 486 1 531 0 47 0 47 0 47 0 47 0 47 0 47 0 47 0 47 0 47 0 47 0 47 0 47 0 47 0 47 0 47 0 47 0 47 0 47 0 47 0 
486 0 486 0 486 0 486 0 486 0 486 0 486 0 486 0 486 0 486 1 486 1 486 1 531 0 47 0 47 0 47 0 47 0 70 0 70 0 70 0 70 0 70 0 70 0 70 0 70 0 47 0 47 0 47 0 47 0 47 0 47 0 47 0 
486 0 486 0 486 0 486 0 486 0 486 0 486 0 486 0 486 0 486 1 522 0 523 0 554 0 47 0 47 0 47 0 70 0 96 1 96 1 96 1 96 1 96 1 96 1 96 1 96 1 70 0 47 0 47 0 47 0 47 0 47 0 47 0 
486 0 486 0 486 0 486 0 486 0 486 0 486 0 486 0 486 0 486 1 535 0 47 0 47 0 47 0 47 0 47 0 95 1 47 0 47 0 47 0 47 0 47 0 47 0 47 0 47 0 97 1 70 0 70 0 70 0 47 0 47 0 47 0 
486 0 486 0 486 0 486 0 486 0 486 0 486 0 486 0 486 0 486 1 535 0 47 0 47 0 47 0 70 0 47 0 47 0 47 0 47 0 47 0 47 0 47 0 47 0 47 0 47 0 47 0 97 1 96 1 96 1 47 0 47 0 47 0 
486 0 486 0 486 0 486 0 486 0 486 0 486 0 486 0 486 0 486 1 535 0 47 0 47 0 70 0 95 1 70 0 70 0 70 0 70 0 70 0 70 0 70 0 47 0 47 0 47 0 47 0 47 0 47 0 47 0 47 0 47 0 47 0 
486 0 486 0 486 0 486 0 486 0 486 0 486 0 486 0 486 0 486 1 535 0 47 0 47 0 95 1 96 1 96 1 96 1 96 1 96 1 96 1 96 1 96 1 47 0 47 0 47 0 47 0 47 0 47 0 47 0 47 0 47 0 47 0 
486 0 486 0 486 0 486 0 486 0 486 0 486 0 486 0 486 0 486 1 535 0 47 0 47 0 47 0 47 0 47 0 47 0 47 0 47 0 47 0 47 0 47 0 47 0 47 0 47 0 47 0 47 0 47 0 47 0 47 0 47 0 47 0 
486 0 486 0 486 0 486 0 486 0 486 0 486 0 486 0 486 0 486 1 535 0 47 0 47 0 47 0 47 0 47 0 47 0 47 0 47 0 47 0 47 0 47 0 47 0 47 0 47 0 47 0 47 0 47 0 47 0 47 0 47 0 47 0 
486 0 486 0 486 0 486 0 486 0 486 0 486 0 486 0 486 0 486 1 558 0 507 0 508 0 47 0 47 0 47 0 47 0 47 0 47 0 47 0 47 0 47 0 47 0 47 0 47 0 47 0 47 0 47 0 47 0 47 0 47 0 47 0 
32
18
2

498 498 498 498 498 498 498 498 368 386 -1 -1 -1 -1 -1 -1 -1 -1 -1 -1 -1 -1 -1 -1 -1 -1 -1 -1 -1 -1 -1 -1 
498 498 498 498 498 498 498 498 498 399 -1 -1 -1 -1 -1 -1 -1 -1 -1 -1 -1 -1 -1 -1 -1 -1 -1 -1 -1 -1 -1 -1 
498 498 498 498 498 498 498 498 498 399 -1 -1 -1 -1 -1 -1 -1 -1 -1 -1 33 -1 -1 507 507 -1 -1 -1 -1 -1 -1 -1 
498 498 498 498 498 498 498 498 498 399 -1 -1 -1 -1 -1 -1 -1 -1 -1 295 -1 -1 297 278 279 -1 -1 -1 -1 -1 -1 -1 
498 498 498 498 498 498 498 498 498 399 -1 -1 278 279 -1 -1 -1 -1 -1 295 -1 -1 297 301 302 -1 -1 -1 -1 -1 -1 -1 
498 498 498 498 498 498 498 498 498 399 -1 -1 276 277 326 -1 -1 -1 -1 -1 -1 -1 -1 276 277 -1 -1 -1 -1 -1 -1 -1 
498 498 498 498 498 498 498 498 498 399 -1 -1 299 300 280 -1 -1 -1 -1 -1 24 24 -1 299 300 163 186 209 -1 -1 -1 -1 
498 498 498 498 498 498 498 498 370 432 -1 -1 322 -1 -1 -1 -1 -1 -1 -1 -1 -1 -1 -1 323 186 186 209 209 -1 -1 -1 
498 498 498 498 498 498 498 498 399 -1 -1 -1 -1 -1 -1 -1 -1 -1 -1 -1 -1 -1 -1 -1 -1 -1 -1 -1 209 -1 -1 -1 
498 498 498 498 498 498 498 409 486 -1 -1 -1 -1 -1 -1 -1 -1 -1 -1 -1 -1 -1 -1 -1 -1 -1 -1 -1 -1 -1 -1 -1 
498 498 498 498 498 498 498 409 486 -1 -1 -1 -1 -1 -1 -1 303 -1 -1 -1 -1 -1 -1 -1 -1 -1 -1 -1 -1 -1 -1 -1 
498 498 498 498 498 498 370 432 486 -1 -1 140 232 -1 -1 -1 -1 -1 140 255 232 232 232 140 -1 -1 -1 -1 -1 -1 -1 -1 
498 498 498 498 498 498 409 486 486 -1 -1 -1 -1 -1 -1 -1 255 -1 -1 -1 255 -1 -1 -1 -1 -1 -1 -1 -1 -1 -1 -1 
498 498 498 498 498 498 409 486 486 -1 -1 -1 -1 -1 -1 -1 -1 -1 -1 -1 -1 -1 -1 -1 -1 -1 -1 -1 -1 -1 -1 -1 
498 498 498 498 498 498 368 386 486 -1 -1 -1 -1 -1 -1 -1 -1 -1 -1 -1 -1 -1 -1 -1 -1 -1 -1 -1 -1 -1 -1 -1 
498 498 498 498 498 498 498 409 486 -1 -1 -1 -1 -1 140 232 -1 -1 -1 -1 -1 -1 -1 -1 -1 -1 -1 -1 -1 -1 -1 -1 
498 498 498 498 498 498 498 409 486 -1 -1 -1 -1 -1 -1 -1 -1 -1 -1 -1 -1 -1 -1 -1 -1 -1 -1 -1 -1 -1 -1 -1 
498 498 498 498 498 498 498 498 399 -1 -1 -1 -1 -1 -1 -1 -1 -1 -1 -1 -1 -1 -1 -1 -1 -1 -1 -1 -1 -1 -1 -1 0 