32
18
1

47 0 47 0 47 0 47 0 47 0 47 0 47 0 47 0 47 0 47 0 47 0 47 0 47 0 47 0 47 0 47 0 47 0 547 0 486 1 541 0 47 0 47 0 47 0 47 0 47 0 47 0 47 0 47 0 47 0 47 0 47 0 47 0 
47 0 47 0 47 0 47 0 47 0 47 0 47 0 47 0 47 1 47 1 47 0 47 0 47 0 47 0 47 0 47 0 47 0 56 0 56 0 56 0 47 0 47 0 47 0 47 0 47 0 47 0 47 0 47 0 47 0 47 0 47 0 47 0 
569 0 569 0 569 0 569 0 569 0 518 0 47 1 47 0 47 1 47 1 47 0 47 1 47 1 516 0 517 0 517 0 517 0 570 0 486 1 558 0 569 0 569 0 507 0 507 0 508 0 47 0 47 0 47 0 47 0 47 0 47 0 47 0 
496 1 496 1 496 1 496 1 496 1 545 0 47 0 47 0 47 1 516 1 517 0 517 0 517 0 570 0 496 1 496 1 496 1 496 1 496 1 496 1 496 1 496 1 496 1 496 1 568 0 569 0 569 0 569 0 569 0 569 0 569 0 569 0 
496 1 496 1 496 1 496 0 496 1 568 0 569 0 569 0 569 0 570 0 496 1 496 1 496 1 496 1 496 1 496 0 496 0 496 0 496 0 496 0 496 0 496 0 496 0 496 1 496 1 496 1 496 1 496 1 496 1 496 1 496 1 496 1 
523 0 523 0 523 1 524 1 496 1 496 1 496 1 496 1 496 1 496 1 496 0 496 0 496 0 496 0 496 0 496 0 496 0 496 0 496 0 496 0 496 0 496 0 496 0 496 0 496 0 496 0 496 0 496 0 496 0 496 0 496 0 496 0 
47 0 47 0 47 1 547 0 496 1 496 0 496 0 496 0 496 0 496 0 496 0 496 0 522 0 523 0 523 0 524 0 496 0 496 0 496 0 496 0 496 0 496 0 496 0 496 1 496 1 496 1 496 1 496 1 496 1 496 1 496 1 496 1 
47 0 47 0 47 0 562 1 524 1 496 1 496 1 496 1 496 1 496 0 496 0 496 1 541 1 47 1 47 1 562 0 524 0 496 1 496 0 496 0 496 0 496 1 496 1 522 0 523 0 523 0 523 0 523 0 523 0 523 0 523 0 523 0 
47 0 47 0 47 0 47 1 562 1 523 0 523 1 523 0 563 0 563 1 563 1 563 0 564 0 47 0 47 0 47 1 562 1 524 0 496 1 522 1 523 1 523 0 523 0 564 0 47 0 47 0 47 0 47 0 47 0 47 0 47 0 47 0 
47 0 47 0 47 0 47 1 47 1 47 0 47 0 47 0 47 0 47 1 47 1 47 0 47 0 47 0 47 0 47 0 47 0 562 0 523 0 564 1 47 1 47 0 47 0 47 0 47 0 47 0 47 0 47 0 47 0 47 0 47 0 47 0 
47 0 47 0 47 0 47 0 47 0 47 0 47 0 47 0 47 0 47 0 47 0 47 0 47 0 47 0 47 0 47 0 47 0 47 0 47 0 47 0 47 0 47 0 47 0 47 0 47 0 47 0 47 0 47 0 47 0 47 0 47 0 47 0 
47 0 47 0 47 0 47 0 47 0 47 0 47 0 47 0 47 0 47 0 47 0 47 0 47 0 47 0 70 0 70 0 70 0 47 0 47 0 47 0 47 0 47 0 47 0 47 0 47 0 47 0 47 0 47 0 47 0 47 0 47 0 47 0 
47 0 47 0 47 0 47 0 47 0 47 0 47 0 47 0 47 0 47 0 47 0 47 0 47 0 47 0 95 1 96 1 97 1 47 0 47 0 47 0 47 0 47 0 47 0 47 0 47 0 47 0 47 0 47 0 47 0 47 0 47 1 47 1 
47 0 47 0 47 0 47 0 70 0 70 0 70 0 70 0 70 0 70 0 70 0 70 0 47 0 47 0 47 0 47 0 47 0 47 0 47 0 47 0 47 0 47 0 47 0 47 1 47 1 47 0 47 0 47 1 47 1 47 0 47 1 47 0 
47 0 47 0 47 0 47 0 95 1 96 1 96 1 96 1 96 1 96 1 96 1 97 1 47 0 47 0 47 0 47 0 47 0 47 0 47 0 47 0 47 0 47 0 47 0 47 1 47 1 47 0 47 0 47 1 47 1 47 0 47 1 47 0 
47 0 47 0 47 0 47 0 47 0 47 0 47 0 47 0 47 0 47 0 47 0 47 0 47 0 47 0 47 0 47 0 47 0 47 0 47 0 47 0 47 0 47 0 47 0 47 1 47 0 47 1 47 0 47 1 47 1 47 1 47 1 47 0 
47 0 47 0 47 0 47 0 47 0 47 0 47 0 47 0 47 0 47 0 47 0 47 0 47 0 47 0 47 0 47 0 47 0 47 0 47 0 47 0 47 0 47 0 47 0 47 1 47 0 47 0 47 1 47 0 47 0 47 0 47 0 47 0 
47 0 47 0 47 0 47 0 47 0 47 0 47 0 47 0 47 0 47 0 47 0 47 0 47 0 47 0 47 0 47 0 47 0 47 0 47 0 47 0 47 0 47 0 47 1 47 0 47 0 47 0 47 0 47 0 47 0 47 0 47 0 47 0 
32
18
2

-1 -1 -1 -1 -1 -1 -1 -1 -1 -1 -1 -1 -1 -1 -1 -1 -1 -1 -1 -1 -1 -1 -1 -1 -1 -1 -1 -1 164 165 308 142 
-1 -1 -1 -1 -1 -1 -1 -1 278 279 -1 -1 -1 -1 -1 -1 -1 -1 -1 -1 -1 -1 -1 -1 -1 -1 -1 -1 -1 -1 164 165 
-1 -1 -1 -1 -1 -1 162 -1 276 277 -1 -1 162 -1 -1 -1 -1 -1 -1 -1 -1 -1 -1 -1 -1 209 -1 -1 -1 -1 -1 -1 
-1 -1 278 279 -1 -1 -1 -1 299 300 -1 -1 -1 -1 -1 -1 -1 -1 -1 -1 -1 -1 -1 -1 -1 -1 -1 -1 -1 -1 -1 -1 
-1 -1 301 302 -1 -1 -1 -1 -1 -1 -1 -1 278 279 -1 -1 -1 -1 -1 -1 -1 -1 -1 -1 -1 -1 -1 -1 -1 -1 -1 -1 
-1 -1 276 277 -1 -1 -1 -1 -1 -1 -1 -1 301 302 -1 -1 -1 -1 -1 -1 -1 -1 -1 -1 -1 -1 -1 -1 -1 -1 -1 -1 
-1 -1 299 300 -1 -1 -1 -1 -1 278 279 -1 276 277 -1 278 279 -1 -1 278 279 -1 -1 -1 -1 -1 -1 -1 -1 -1 -1 -1 
-1 -1 -1 278 279 -1 -1 -1 -1 301 302 -1 299 300 161 276 277 -1 -1 301 302 -1 -1 -1 -1 -1 -1 -1 -1 -1 -1 -1 
-1 -1 209 276 277 -1 162 -1 -1 276 277 -1 -1 -1 209 299 300 -1 -1 276 277 -1 -1 -1 -1 209 186 209 209 -1 -1 -1 
-1 -1 209 299 300 -1 -1 -1 -1 299 300 -1 -1 -1 -1 -1 -1 -1 -1 299 300 -1 -1 -1 -1 -1 209 209 163 -1 -1 -1 
-1 -1 -1 -1 -1 -1 -1 -1 -1 -1 -1 -1 -1 -1 -1 -1 -1 -1 -1 -1 -1 -1 -1 -1 -1 -1 -1 -1 -1 -1 -1 -1 
-1 -1 -1 -1 -1 209 209 209 209 -1 -1 -1 -1 -1 -1 -1 -1 -1 -1 -1 -1 -1 -1 -1 -1 -1 -1 -1 -1 -1 -1 -1 
-1 -1 -1 -1 209 209 -1 -1 -1 -1 -1 -1 -1 -1 -1 -1 -1 -1 186 186 -1 -1 -1 -1 -1 -1 -1 -1 -1 -1 278 279 
-1 -1 -1 -1 -1 -1 -1 -1 -1 -1 -1 -1 -1 -1 -1 -1 163 209 186 186 -1 -1 -1 278 279 -1 -1 278 279 -1 301 302 
-1 -1 209 209 -1 -1 -1 -1 -1 -1 -1 -1 -1 -1 -1 -1 209 186 186 186 -1 -1 -1 301 302 -1 -1 276 277 -1 276 277 
-1 -1 209 186 163 -1 209 -1 -1 -1 -1 -1 -1 -1 -1 -1 -1 -1 -1 -1 -1 -1 -1 276 277 161 186 299 300 161 299 300 
-1 -1 -1 186 186 186 186 209 -1 -1 -1 -1 -1 -1 -1 -1 -1 -1 -1 -1 -1 -1 -1 299 300 278 279 209 278 279 161 163 
-1 -1 -1 -1 -1 -1 -1 -1 -1 -1 -1 -1 -1 -1 -1 -1 -1 -1 -1 -1 -1 -1 278 279 -1 301 302 -1 276 277 -1 278 0 