32
18
1

47 0 47 0 47 0 47 1 47 1 47 0 47 0 47 0 47 0 47 0 47 0 28 0 47 0 28 0 47 0 28 0 47 0 28 0 47 0 28 0 47 0 47 0 47 0 47 0 47 0 47 0 47 0 47 0 47 0 47 0 47 0 47 0 
47 0 47 0 47 1 47 0 47 0 47 1 47 1 47 1 47 1 47 1 47 0 72 1 96 1 96 1 96 1 333 1 96 1 96 0 96 0 74 0 47 0 47 1 47 1 47 0 47 0 47 0 47 1 47 1 47 1 47 1 47 1 47 0 
47 1 47 1 47 1 47 1 47 0 47 1 47 1 47 0 47 0 47 1 47 1 288 1 46 1 47 1 47 1 47 0 47 0 47 1 48 1 287 1 47 1 47 0 47 1 47 1 47 1 47 1 47 0 47 0 47 1 47 1 47 1 47 0 
47 0 47 0 47 0 47 0 47 0 47 1 47 1 47 0 47 0 47 0 47 0 311 1 46 1 47 1 47 0 47 0 47 0 47 0 48 0 310 1 47 1 47 0 47 0 47 0 47 1 47 1 47 0 47 0 47 1 47 1 47 1 47 0 
47 0 47 0 47 0 47 0 47 0 47 0 47 0 47 0 47 0 47 0 47 1 311 1 46 1 47 1 47 0 47 0 47 0 47 0 48 0 310 1 47 1 47 0 47 0 47 0 47 0 47 0 47 0 47 0 47 1 47 1 47 1 47 0 
47 0 47 0 47 0 47 0 47 0 47 0 47 0 47 0 47 0 47 0 47 1 311 1 69 1 70 1 34 0 37 0 35 0 70 1 71 1 310 1 47 1 47 0 47 0 47 0 47 0 47 0 47 0 47 0 47 1 47 1 47 1 47 0 
47 0 47 0 47 0 47 0 47 0 47 0 47 0 47 0 47 0 47 0 47 1 244 1 96 1 73 1 149 0 60 0 150 0 96 1 96 1 312 1 47 0 47 0 47 0 47 0 47 0 47 0 47 0 47 0 47 1 47 1 47 1 47 0 
47 0 47 0 47 0 47 0 47 0 47 0 47 0 47 0 47 0 47 0 47 0 47 0 47 1 47 1 149 0 60 0 173 0 47 1 47 1 47 0 47 0 47 0 47 0 47 0 47 0 47 0 47 0 47 0 47 1 47 1 47 1 47 0 
47 0 47 0 47 0 47 0 47 0 47 0 47 0 47 0 47 0 47 0 47 0 47 0 47 0 47 1 149 1 60 0 173 1 47 1 47 0 47 0 47 0 47 0 47 0 47 0 47 0 47 0 47 0 47 0 47 1 47 1 47 1 47 0 
47 0 47 0 47 0 47 0 47 0 47 0 47 0 47 0 47 0 47 0 47 0 47 0 47 0 47 1 149 1 60 0 173 1 47 1 47 0 47 0 47 0 47 0 47 0 47 0 47 0 47 0 47 0 47 0 47 0 47 0 47 1 47 0 
47 0 47 0 47 0 47 0 47 0 47 0 47 0 47 0 47 0 47 0 47 0 47 0 47 0 47 1 149 0 60 0 173 1 47 1 47 0 47 0 47 0 47 0 47 0 47 0 47 0 47 0 47 0 47 0 47 0 47 0 47 1 47 0 
47 0 47 0 47 0 47 0 47 0 47 0 47 0 47 0 47 0 47 0 47 0 47 0 47 0 47 1 264 0 83 0 242 0 47 1 47 0 47 0 47 0 47 0 47 0 47 0 47 0 47 0 47 0 47 0 47 0 47 0 47 1 47 0 
47 0 47 0 47 0 47 0 47 0 47 0 47 0 47 1 47 1 47 0 47 0 47 0 47 0 47 0 47 0 47 0 47 0 47 0 47 0 47 0 47 0 47 0 47 1 47 1 47 0 47 0 47 0 47 0 47 0 47 0 47 1 47 0 
47 0 47 0 47 1 47 1 47 1 47 1 47 0 47 1 47 1 47 0 47 0 47 0 47 0 47 0 47 0 47 0 47 0 47 0 47 0 47 0 47 0 47 0 47 1 47 1 47 0 47 0 47 1 47 1 47 1 47 1 47 1 47 0 
47 1 47 1 47 1 47 0 47 0 47 1 47 0 47 1 47 1 47 0 47 0 47 1 47 1 47 1 47 1 47 1 47 1 47 1 47 0 47 0 47 0 47 0 47 1 47 0 47 1 47 1 47 1 47 0 47 0 47 0 47 0 47 0 
47 0 47 0 47 0 47 0 47 0 47 1 47 0 47 1 47 0 47 1 47 1 47 1 47 0 47 0 47 0 47 0 47 0 47 0 47 1 47 1 47 0 47 0 47 1 47 0 47 0 47 0 47 0 47 0 47 0 47 0 47 0 47 0 
47 0 47 0 47 0 47 0 47 0 47 1 47 1 47 0 47 0 47 0 47 0 47 0 47 0 47 0 47 0 47 0 47 0 47 0 47 0 47 0 47 1 47 1 47 0 47 0 47 0 47 0 47 0 47 0 47 0 47 0 47 0 47 0 
47 0 47 0 47 0 47 0 47 0 47 0 47 0 47 0 47 0 47 0 47 0 47 0 47 0 47 0 47 0 47 0 47 0 47 0 47 0 47 0 47 0 47 0 47 0 47 0 47 0 47 0 47 0 47 0 47 0 47 0 47 0 47 0 
32
18
2

302 278 279 299 300 278 279 276 277 301 302 -1 301 -1 301 -1 302 301 302 -1 276 277 301 302 299 300 276 277 140 303 276 277 
277 276 277 -1 -1 301 302 299 300 276 277 -1 278 279 -1 -1 -1 276 277 -1 299 300 276 277 278 279 299 300 278 279 299 300 
300 299 300 162 -1 276 277 -1 303 299 300 -1 276 277 162 -1 -1 299 300 278 279 -1 299 300 276 277 140 232 301 302 257 162 
-1 -1 -1 -1 -1 299 300 303 -1 -1 -1 -1 299 300 -1 -1 -1 -1 -1 301 302 -1 -1 -1 299 300 -1 140 276 277 278 279 
-1 -1 -1 -1 -1 -1 -1 -1 186 186 278 279 278 279 -1 -1 -1 -1 -1 276 277 -1 -1 -1 -1 -1 -1 303 299 300 301 302 
-1 -1 -1 -1 -1 -1 -1 -1 186 186 276 277 301 302 -1 -1 -1 278 279 -1 300 -1 -1 -1 -1 -1 -1 -1 278 279 276 277 
-1 -1 -1 -1 -1 -1 -1 -1 186 186 299 -1 276 277 -1 -1 -1 276 277 -1 -1 -1 -1 186 -1 -1 -1 -1 301 302 299 300 
-1 -1 -1 -1 -1 -1 -1 186 186 -1 163 -1 299 300 -1 -1 -1 299 300 -1 -1 -1 186 186 -1 -1 -1 -1 276 277 278 279 
-1 -1 -1 -1 186 -1 -1 -1 -1 -1 -1 -1 -1 278 279 -1 278 279 303 326 -1 186 186 -1 -1 -1 -1 -1 299 300 276 277 
-1 -1 -1 186 -1 -1 -1 -1 -1 -1 -1 -1 -1 276 277 -1 301 302 -1 325 -1 186 186 -1 -1 -1 -1 -1 -1 -1 299 300 
-1 -1 186 186 186 186 186 186 186 -1 -1 -1 -1 299 -1 -1 276 277 -1 -1 -1 -1 186 186 186 -1 -1 -1 -1 -1 278 279 
-1 -1 -1 186 -1 -1 -1 -1 -1 -1 -1 -1 -1 -1 -1 -1 -1 300 -1 -1 -1 -1 -1 -1 -1 -1 -1 -1 -1 -1 301 302 
-1 -1 -1 -1 186 -1 -1 278 279 -1 -1 -1 -1 -1 -1 -1 -1 -1 -1 -1 -1 -1 278 279 -1 -1 -1 -1 -1 -1 276 277 
-1 -1 278 279 278 279 -1 301 302 -1 -1 -1 -1 -1 -1 -1 -1 -1 -1 -1 -1 -1 301 302 -1 -1 278 279 278 279 299 300 
278 279 276 277 301 302 -1 276 277 -1 -1 278 279 162 278 279 278 279 -1 -1 -1 -1 276 277 278 279 301 302 276 277 303 161 
301 302 299 300 276 277 322 299 300 278 279 276 277 -1 276 277 301 302 278 279 140 255 299 300 301 302 276 277 299 300 278 279 
276 277 278 279 299 300 278 279 326 301 302 299 300 326 299 300 276 277 276 277 278 279 278 279 276 277 299 300 161 209 301 302 
299 300 301 302 162 -1 276 277 322 276 277 -1 162 278 279 -1 299 300 299 300 276 277 301 302 299 300 -1 278 279 163 276 277 0 