32
18
1

47 0 47 0 47 0 47 0 47 0 47 0 47 0 47 0 47 0 47 0 47 0 47 0 47 0 47 0 47 0 47 0 47 0 47 0 47 0 47 0 47 0 47 0 47 1 47 1 47 1 47 1 47 1 47 1 47 1 47 1 47 1 47 1 
47 0 47 0 47 0 47 0 47 0 47 0 47 0 47 0 47 0 47 0 47 0 47 0 47 0 47 0 47 0 47 0 47 0 47 0 47 0 47 0 47 0 47 0 47 1 47 1 47 1 47 1 47 1 47 1 47 1 47 1 47 1 47 1 
47 0 47 0 47 0 47 0 47 0 47 0 47 0 47 0 70 0 70 0 47 0 70 0 47 0 70 0 70 0 47 0 47 0 47 0 47 0 47 0 47 0 47 0 47 1 47 1 47 1 47 1 47 1 47 1 47 1 47 1 47 1 47 1 
47 0 47 0 47 0 47 0 47 0 47 0 47 0 47 0 95 1 97 1 47 0 49 1 47 0 95 1 97 1 47 0 47 0 47 0 47 0 47 0 47 0 47 0 47 1 47 0 47 1 47 1 47 1 47 1 47 1 47 1 47 1 47 0 
47 0 47 0 47 0 47 0 47 0 47 0 47 0 47 0 47 0 47 0 47 0 47 0 47 0 47 0 47 0 47 0 47 0 47 0 47 0 47 0 47 0 47 0 47 0 47 0 47 1 47 1 47 0 47 1 47 1 47 0 47 0 47 0 
47 0 47 0 47 0 47 1 47 0 47 0 47 0 47 0 70 0 70 0 70 0 70 0 70 0 70 0 47 0 47 0 47 0 47 0 47 0 47 0 47 0 47 0 47 0 47 0 47 0 47 0 47 0 47 0 47 0 47 0 47 0 47 0 
47 0 47 0 47 0 47 0 47 0 47 0 47 0 47 0 95 1 96 1 96 1 96 1 96 1 97 1 47 0 47 0 47 0 47 0 47 0 47 0 47 0 47 0 47 0 47 0 47 0 47 0 47 0 47 0 47 0 47 0 47 0 47 0 
47 0 47 0 47 0 47 0 47 0 47 0 47 0 47 0 47 0 47 0 47 0 47 0 47 0 47 0 47 0 47 0 47 0 47 0 47 0 47 0 47 0 47 0 47 0 47 0 47 0 47 0 47 0 47 0 47 0 47 0 47 0 47 0 
47 0 47 0 47 0 47 0 47 0 47 0 47 0 47 0 47 0 47 0 47 0 47 0 47 0 47 0 47 0 47 0 47 0 47 0 47 0 47 0 47 0 47 0 47 0 47 0 47 0 47 0 47 0 47 0 47 0 47 0 47 0 47 0 
47 0 47 0 47 0 47 0 47 0 47 0 47 0 47 0 47 0 47 0 47 0 47 0 70 0 70 0 70 0 70 0 70 0 70 0 70 0 70 0 47 0 47 0 47 0 47 0 47 0 47 0 47 0 47 0 47 0 47 0 47 0 47 0 
47 1 47 0 47 0 47 0 47 0 47 0 47 0 47 0 47 0 47 0 47 0 47 0 95 1 96 1 96 1 96 1 96 1 96 1 96 1 97 1 47 0 47 0 47 0 47 0 47 0 47 0 47 0 47 0 47 0 47 0 47 0 47 0 
47 1 47 1 47 1 47 0 47 0 47 0 47 0 47 0 47 0 47 0 47 0 47 0 47 0 47 0 47 0 47 0 47 0 47 0 47 0 47 0 47 0 47 0 47 0 47 0 47 0 47 0 47 0 47 0 47 0 47 0 47 0 47 0 
47 1 47 1 47 1 47 0 47 0 47 0 47 0 47 0 47 0 47 0 47 0 47 0 47 0 47 0 47 0 47 0 47 0 47 0 47 0 47 0 47 1 47 1 47 0 47 0 47 0 47 0 47 0 47 0 47 0 47 0 47 0 47 0 
47 1 47 1 47 1 47 0 47 0 47 0 47 1 47 1 47 0 47 0 47 0 47 0 47 0 47 0 47 1 47 1 47 0 47 0 47 1 47 1 47 1 47 1 47 0 47 0 47 1 47 1 47 0 47 0 47 0 47 0 47 0 47 0 
47 1 47 1 47 1 47 1 47 1 47 0 47 1 47 1 47 0 47 0 47 1 47 1 47 1 47 1 47 1 47 1 47 0 47 1 47 1 47 1 47 1 47 1 47 0 47 0 47 1 47 1 47 1 47 1 47 0 47 0 47 1 47 1 
47 1 47 1 47 1 47 1 47 1 47 0 47 1 47 1 47 1 47 0 47 1 47 1 47 1 47 1 47 1 47 1 47 1 47 1 47 1 47 1 47 1 47 1 47 1 47 1 47 1 47 1 47 1 47 1 47 0 47 0 47 1 47 1 
47 1 47 1 47 1 47 1 47 1 47 0 47 1 47 1 47 1 47 1 47 1 47 1 47 1 47 1 47 1 47 1 47 1 47 1 47 1 47 1 47 1 47 1 47 1 47 1 47 1 47 1 47 1 47 1 47 1 47 1 47 1 47 1 
47 1 47 1 47 1 47 1 47 1 47 1 47 1 47 1 47 1 47 1 47 1 47 1 47 1 47 1 47 1 47 1 47 1 47 1 47 1 47 1 47 1 47 1 47 1 47 1 47 1 47 1 47 1 47 1 47 1 47 1 47 1 47 1 
32
18
2

-1 -1 -1 -1 -1 -1 -1 -1 -1 -1 -1 -1 -1 -1 -1 -1 -1 -1 -1 -1 -1 -1 301 302 -1 276 277 163 299 300 162 301 
-1 -1 -1 -1 -1 -1 -1 -1 -1 -1 -1 -1 -1 -1 -1 -1 -1 -1 -1 -1 -1 -1 276 277 303 299 300 278 279 278 279 276 
-1 -1 -1 -1 -1 -1 -1 -1 -1 -1 -1 -1 -1 -1 -1 -1 -1 -1 185 185 -1 -1 299 300 278 279 324 301 302 276 277 299 
-1 -1 -1 -1 -1 -1 -1 -1 -1 -1 -1 -1 -1 -1 -1 -1 -1 -1 185 185 -1 -1 162 -1 276 277 162 276 277 299 300 -1 
-1 -1 -1 -1 -1 -1 -1 185 185 -1 -1 208 -1 -1 163 -1 -1 -1 -1 185 185 -1 -1 -1 299 300 -1 299 300 -1 163 324 
-1 -1 -1 162 -1 -1 -1 -1 -1 -1 -1 -1 -1 -1 -1 -1 -1 -1 -1 -1 185 -1 208 -1 -1 -1 -1 -1 -1 -1 186 -1 
-1 -1 -1 -1 -1 -1 -1 -1 -1 -1 -1 -1 -1 -1 -1 -1 -1 -1 -1 -1 -1 -1 208 -1 -1 -1 -1 -1 -1 -1 -1 -1 
-1 -1 -1 -1 -1 -1 -1 322 -1 -1 186 -1 -1 -1 322 -1 -1 -1 -1 -1 -1 -1 -1 -1 -1 -1 -1 -1 -1 -1 -1 -1 
-1 -1 -1 -1 -1 -1 -1 -1 326 186 209 -1 -1 -1 -1 -1 -1 -1 -1 -1 -1 -1 -1 -1 -1 -1 -1 -1 -1 -1 -1 -1 
-1 -1 -1 -1 -1 -1 -1 -1 -1 -1 -1 -1 -1 -1 -1 -1 -1 -1 -1 -1 -1 -1 -1 -1 -1 -1 -1 -1 -1 -1 -1 -1 
279 -1 -1 -1 -1 -1 -1 -1 -1 -1 -1 -1 -1 -1 -1 -1 -1 -1 -1 -1 -1 -1 -1 -1 163 -1 -1 -1 -1 -1 -1 -1 
302 278 279 -1 -1 -1 -1 -1 -1 -1 -1 325 -1 -1 -1 -1 -1 257 -1 -1 -1 -1 -1 -1 -1 -1 -1 -1 -1 -1 -1 -1 
277 301 302 -1 -1 -1 -1 -1 -1 -1 -1 -1 -1 -1 -1 -1 -1 -1 -1 -1 278 279 -1 -1 -1 -1 -1 -1 -1 -1 -1 -1 
300 276 277 232 -1 -1 278 279 -1 -1 -1 -1 -1 -1 278 279 -1 -1 278 279 301 302 -1 -1 278 279 -1 -1 -1 -1 -1 -1 
232 299 300 278 279 232 301 302 -1 -1 278 279 278 279 301 302 -1 162 301 302 276 277 256 -1 301 302 278 279 -1 -1 278 279 
279 278 279 276 277 232 276 277 162 140 301 302 276 277 276 277 278 279 276 277 299 300 278 279 276 277 301 302 232 255 276 277 
277 276 277 299 300 322 299 300 278 279 276 277 299 300 299 300 301 302 299 300 278 279 276 277 299 300 276 277 278 279 299 300 
300 299 300 -1 162 278 279 323 276 277 299 300 303 -1 -1 140 276 277 -1 162 301 302 299 300 322 162 299 300 276 277 278 279 0 