32
18
1

47 1 47 0 47 0 47 0 47 0 47 0 47 1 529 1 486 0 486 0 486 0 486 0 486 0 486 0 486 0 486 0 486 1 33 0 33 0 486 0 486 1 486 0 486 0 486 0 486 0 486 0 486 0 486 0 486 0 486 0 486 0 486 0 
47 1 47 1 47 1 47 0 47 0 47 0 47 0 529 0 486 1 486 0 486 0 486 0 486 0 486 0 486 0 486 0 486 1 33 0 33 0 486 0 486 1 486 0 486 0 486 0 486 0 486 0 486 0 486 0 486 0 486 0 486 0 486 0 
47 0 47 0 47 1 47 0 47 0 47 0 47 1 529 1 486 1 486 0 486 0 486 0 486 0 486 0 486 0 486 0 486 1 33 0 33 0 486 0 486 1 486 0 486 0 486 0 486 0 486 0 486 0 486 0 486 0 486 0 486 0 486 0 
47 0 47 0 47 1 47 0 47 0 47 0 47 1 529 0 486 0 486 0 486 0 486 0 486 0 486 0 486 0 486 0 486 1 33 0 33 0 486 0 486 1 486 0 486 0 486 0 486 0 486 0 486 0 486 0 486 0 486 0 486 0 486 0 
47 0 47 0 47 1 47 0 47 0 47 0 47 1 529 0 486 0 486 0 486 0 486 0 486 0 486 0 486 0 486 0 486 1 33 0 33 0 486 0 486 1 486 0 486 0 486 0 486 0 486 0 486 0 486 0 486 0 486 0 486 0 486 0 
47 0 47 0 47 1 47 0 47 0 47 0 47 1 529 1 486 1 486 0 486 0 486 0 486 0 486 0 486 0 486 0 486 1 33 0 33 0 486 0 486 1 486 0 486 0 486 0 486 0 486 0 486 0 486 0 486 0 486 0 486 0 486 0 
47 0 47 0 47 1 47 0 47 0 47 0 47 0 529 0 486 1 486 0 486 0 486 0 486 0 486 0 486 0 486 0 486 1 33 0 33 0 486 0 486 1 486 0 486 0 486 0 486 0 486 0 486 0 486 0 486 0 486 0 486 0 486 0 
47 0 47 0 47 1 47 0 47 0 47 0 47 0 529 0 486 1 486 0 486 0 486 0 486 0 486 0 486 0 486 0 486 1 33 0 33 0 486 0 486 1 486 0 486 0 486 0 486 0 486 0 486 0 486 0 486 0 486 0 486 0 486 0 
47 0 47 0 47 1 47 0 47 0 47 0 47 0 529 0 486 1 486 0 486 0 486 0 486 0 486 0 486 0 486 0 486 1 33 0 33 0 486 0 486 1 486 0 486 0 486 0 486 0 486 0 486 0 486 0 486 0 486 0 486 0 486 0 
47 0 47 0 47 1 47 0 47 0 47 0 47 0 529 0 486 1 486 1 486 1 486 1 486 1 486 0 486 0 486 1 486 1 33 0 33 0 486 0 486 1 486 1 486 1 486 1 486 0 486 0 486 0 486 0 486 0 486 0 486 0 486 0 
47 0 47 0 47 1 47 1 47 0 47 0 47 0 552 0 553 0 553 0 553 0 553 0 553 0 553 1 553 1 553 0 553 0 33 0 33 0 553 0 553 0 553 0 553 0 553 1 553 0 553 0 553 0 553 0 553 0 553 0 553 0 553 0 
47 0 47 0 47 0 47 1 47 0 47 0 47 0 47 0 47 0 47 0 47 0 47 0 47 0 47 1 47 1 47 0 47 0 47 0 47 0 47 0 47 0 47 0 47 0 47 1 47 0 47 0 47 0 47 0 47 0 47 0 47 0 47 0 
47 0 47 0 47 0 47 1 47 0 47 0 47 0 47 0 47 0 47 0 47 0 47 0 47 0 47 0 47 0 47 0 47 0 47 0 47 0 47 0 47 0 47 0 47 1 47 1 47 0 47 0 47 0 47 0 47 0 47 0 47 0 47 0 
47 0 47 0 47 0 47 1 47 1 47 1 47 0 47 0 47 0 47 0 47 1 47 1 47 0 47 0 47 0 47 0 47 0 47 0 47 1 47 1 47 0 47 0 47 1 47 1 47 0 47 0 47 0 47 0 47 0 47 0 47 0 47 0 
47 0 47 0 47 0 47 0 47 0 47 1 47 1 47 1 47 1 47 1 47 0 47 1 47 0 47 0 47 1 47 1 47 0 47 0 47 1 47 0 47 1 47 1 47 0 47 0 47 0 47 0 47 0 47 0 47 0 47 0 47 0 47 0 
47 0 47 0 47 0 47 0 47 0 47 0 47 0 47 0 47 0 47 0 47 0 47 0 47 1 47 1 47 0 47 1 47 1 47 1 47 0 47 0 47 0 47 0 47 0 47 0 47 0 47 0 47 0 47 0 47 0 47 0 47 0 47 0 
47 0 47 0 47 0 47 0 47 0 47 0 47 0 47 0 47 0 47 0 47 0 47 0 47 0 47 0 47 0 47 0 47 0 47 0 47 0 47 0 47 0 47 0 47 0 47 0 47 0 47 0 47 0 47 0 47 0 47 0 47 0 47 0 
47 0 47 0 47 0 47 0 47 0 47 0 47 0 47 0 47 0 47 0 47 0 47 0 47 0 47 0 47 0 47 0 47 0 47 0 47 0 47 0 47 0 47 0 47 0 47 0 47 0 47 0 47 0 47 0 47 0 47 0 47 0 47 0 
32
18
2

302 -1 -1 -1 -1 -1 299 300 -1 -1 -1 -1 -1 -1 -1 -1 295 -1 54 33 297 -1 -1 -1 -1 -1 -1 -1 -1 -1 -1 -1 
277 278 279 -1 -1 -1 -1 322 -1 -1 -1 -1 -1 -1 -1 -1 295 -1 54 33 297 -1 -1 -1 -1 -1 -1 -1 -1 -1 -1 -1 
300 301 302 -1 -1 -1 278 279 -1 -1 -1 -1 -1 -1 -1 -1 295 -1 54 33 297 -1 -1 -1 -1 -1 -1 -1 -1 -1 -1 -1 
138 276 277 -1 -1 -1 301 302 -1 -1 -1 -1 -1 -1 -1 -1 295 -1 54 33 297 -1 -1 -1 -1 -1 -1 -1 -1 -1 -1 -1 
279 299 300 -1 -1 -1 276 277 -1 -1 -1 -1 -1 -1 -1 -1 295 -1 54 33 297 -1 -1 -1 -1 -1 -1 -1 -1 -1 -1 -1 
277 140 162 -1 -1 -1 299 300 -1 -1 -1 -1 -1 -1 -1 -1 295 -1 54 33 297 -1 -1 -1 -1 -1 -1 -1 -1 -1 -1 -1 
300 278 279 255 -1 -1 232 326 -1 -1 -1 -1 -1 -1 -1 -1 295 -1 54 33 297 -1 -1 -1 -1 -1 -1 -1 -1 -1 -1 -1 
279 301 302 -1 -1 -1 232 -1 -1 -1 -1 -1 -1 -1 -1 -1 295 -1 54 33 297 -1 -1 -1 -1 -1 -1 -1 -1 -1 -1 -1 
302 276 277 -1 -1 -1 -1 -1 -1 -1 -1 -1 -1 -1 -1 -1 295 -1 54 33 297 -1 -1 278 279 -1 -1 -1 -1 -1 -1 -1 
277 299 300 -1 -1 -1 -1 -1 -1 -1 -1 -1 -1 278 279 -1 295 -1 54 33 297 -1 -1 301 302 -1 -1 -1 -1 -1 278 279 
300 162 278 279 -1 -1 -1 -1 -1 -1 -1 -1 -1 276 277 323 -1 -1 54 33 -1 -1 -1 276 277 -1 -1 278 279 -1 301 302 
278 279 301 302 -1 -1 -1 -1 -1 -1 -1 -1 -1 299 300 -1 -1 -1 -1 -1 -1 -1 -1 299 300 -1 -1 301 302 -1 276 277 
301 302 276 277 186 186 -1 -1 -1 -1 -1 -1 -1 -1 -1 -1 -1 -1 -1 -1 -1 -1 278 279 -1 278 279 276 277 -1 299 300 
276 277 299 300 278 279 186 -1 -1 -1 278 279 -1 -1 -1 -1 -1 -1 278 279 -1 -1 301 302 47 276 277 299 300 162 -1 278 
299 300 278 279 276 277 278 279 278 279 276 277 -1 -1 278 279 -1 -1 301 302 278 279 276 277 -1 299 300 232 278 279 322 301 
186 161 301 302 299 300 276 277 301 302 299 300 278 279 301 302 278 279 276 277 301 302 299 300 278 279 232 232 276 277 324 276 
186 163 276 277 186 163 299 300 276 277 278 279 276 277 276 277 301 302 299 300 276 277 162 232 301 302 140 138 299 300 -1 299 
186 324 299 300 209 162 209 161 299 300 301 302 299 300 299 300 276 277 278 279 299 300 -1 -1 276 277 -1 -1 -1 278 279 -1 0 