32
18
1

488 1 488 1 488 1 488 1 488 1 488 1 488 1 488 1 409 1 496 1 486 1 486 1 531 0 47 0 47 0 47 0 47 0 47 0 47 0 47 0 47 0 47 0 47 0 47 0 47 0 47 0 47 0 47 0 47 0 47 0 47 0 47 0 
488 0 488 0 488 0 488 0 488 0 488 0 488 0 488 0 409 0 486 0 486 0 486 1 531 0 47 0 47 0 47 0 47 0 47 0 47 0 47 0 47 0 47 0 47 0 47 0 47 0 47 0 47 0 47 0 47 0 47 0 47 0 47 0 
488 0 488 0 488 0 488 0 488 0 488 0 498 0 431 0 432 0 486 0 486 0 486 1 531 0 47 0 47 0 47 0 47 0 47 0 47 0 47 0 47 0 47 0 47 0 47 0 47 0 47 0 47 0 47 0 47 0 47 0 47 0 47 0 
488 0 488 0 488 0 488 0 488 0 498 0 498 0 486 0 486 0 486 0 486 0 486 1 531 0 47 0 47 0 47 0 47 0 47 0 47 0 47 0 47 0 47 0 47 0 47 0 47 0 47 0 47 0 47 0 47 0 47 0 47 0 47 0 
488 0 488 0 488 0 488 0 498 0 498 0 486 0 486 0 486 0 486 0 486 0 486 1 531 0 47 0 47 0 47 0 47 0 47 0 47 0 47 0 47 0 47 0 47 0 47 0 47 0 47 0 47 0 47 0 47 0 47 0 47 0 47 0 
488 0 488 0 488 0 498 0 498 0 486 0 486 0 486 0 486 0 486 0 486 0 486 1 531 0 47 0 47 0 47 0 47 0 47 0 47 0 47 0 47 0 47 0 47 0 47 0 47 0 47 0 47 0 47 0 47 0 47 0 47 0 47 0 
488 0 498 0 498 0 409 0 486 0 486 0 486 0 486 0 486 0 486 0 486 0 486 1 531 0 47 0 47 0 47 0 47 0 47 0 47 0 47 0 47 0 47 0 47 0 47 0 47 0 47 0 47 0 47 0 47 0 47 0 47 0 47 0 
498 0 498 0 409 0 486 0 486 0 486 0 486 0 486 0 486 0 486 0 486 0 486 1 531 0 47 0 47 0 47 0 47 0 47 0 47 0 47 0 47 0 47 0 47 0 47 0 47 0 47 0 47 0 47 0 47 0 47 0 47 0 47 0 
431 0 431 0 432 0 486 0 486 0 486 0 486 0 486 0 486 0 486 0 486 0 486 1 531 0 47 0 47 0 47 0 47 0 47 0 47 0 47 0 47 0 47 0 47 0 47 0 47 0 47 0 47 0 47 0 47 0 47 0 47 0 47 0 
496 0 486 0 486 0 486 0 486 0 486 0 486 0 486 0 486 0 384 0 386 0 486 1 531 0 47 0 47 0 47 0 47 0 47 0 47 0 47 0 47 0 47 0 47 0 47 0 47 0 47 0 47 0 47 0 47 0 47 0 47 0 47 0 
553 0 553 0 553 0 553 0 553 0 553 0 513 0 445 0 486 0 407 0 409 0 486 1 531 0 47 0 47 0 47 0 47 0 47 0 47 0 47 0 47 0 47 0 47 0 47 0 47 0 47 0 47 0 47 0 47 0 47 0 47 0 47 1 
47 0 47 0 47 0 47 0 47 0 47 0 47 0 537 0 486 0 407 0 409 0 486 1 531 0 47 0 47 0 47 0 47 0 47 0 47 0 47 0 47 0 47 0 47 0 47 0 47 0 47 0 47 0 47 0 47 0 47 0 47 0 47 1 
47 0 47 0 47 0 47 0 47 0 47 0 47 0 537 0 486 0 407 0 409 0 486 1 531 0 47 0 47 0 47 0 47 0 47 0 47 1 47 1 47 0 47 0 47 0 47 0 47 0 47 0 47 0 47 0 47 0 47 1 47 1 47 0 
47 0 47 0 47 0 47 0 47 0 47 0 47 0 529 0 486 0 407 0 409 0 486 1 531 1 47 1 47 0 47 0 47 0 47 0 47 1 47 0 47 1 47 1 47 0 47 0 47 1 47 1 47 0 47 0 47 0 47 1 47 0 47 0 
47 0 47 0 47 0 47 0 47 0 47 0 47 0 529 0 486 0 407 0 409 0 486 0 531 0 47 1 47 0 47 0 47 1 47 1 47 0 47 0 47 0 47 0 47 1 47 1 47 0 47 0 47 1 47 1 47 0 47 1 47 0 47 0 
47 0 47 0 47 0 47 0 47 0 47 0 47 0 529 0 486 0 407 0 409 0 486 0 531 0 47 1 47 0 47 0 47 1 47 0 47 0 47 0 47 0 47 0 47 0 47 0 47 0 47 0 47 0 47 1 47 0 47 1 47 0 47 0 
47 0 47 0 47 0 47 0 47 0 47 0 47 0 537 0 486 0 407 0 409 0 486 0 531 0 47 1 47 1 47 1 47 1 47 0 47 0 47 0 47 0 47 0 47 0 47 0 47 0 47 0 47 0 47 0 47 1 47 0 47 0 47 0 
47 0 47 0 47 0 47 0 47 0 47 0 47 0 537 0 486 0 407 0 409 0 486 0 531 0 47 0 47 0 47 0 47 0 47 0 47 0 47 0 47 0 47 0 47 0 47 0 47 0 47 0 47 0 47 0 47 0 47 0 47 0 47 0 
32
18
2

-1 -1 -1 -1 -1 -1 -1 -1 -1 -1 -1 -1 -1 -1 -1 -1 -1 -1 -1 -1 -1 -1 -1 -1 -1 -1 -1 -1 -1 -1 -1 -1 
-1 -1 -1 -1 -1 -1 -1 -1 -1 -1 -1 -1 -1 -1 -1 -1 -1 -1 -1 -1 -1 -1 -1 -1 -1 -1 -1 -1 -1 -1 -1 -1 
-1 -1 -1 -1 -1 -1 -1 -1 -1 -1 -1 -1 -1 -1 -1 -1 -1 -1 -1 -1 -1 -1 -1 -1 -1 -1 -1 -1 -1 -1 -1 -1 
-1 -1 -1 -1 -1 -1 -1 -1 -1 -1 -1 -1 -1 -1 -1 -1 -1 -1 -1 -1 -1 -1 -1 -1 -1 -1 -1 -1 -1 -1 -1 -1 
-1 -1 -1 -1 -1 -1 -1 -1 -1 -1 -1 -1 -1 -1 -1 -1 -1 -1 -1 -1 -1 -1 -1 -1 -1 -1 -1 -1 -1 -1 -1 -1 
-1 -1 -1 -1 -1 -1 -1 -1 -1 -1 -1 -1 -1 -1 -1 -1 -1 -1 -1 -1 -1 -1 -1 -1 -1 -1 -1 -1 -1 -1 -1 -1 
-1 -1 -1 -1 -1 -1 -1 -1 -1 -1 -1 -1 -1 -1 -1 -1 -1 -1 -1 -1 -1 -1 -1 -1 -1 -1 -1 -1 -1 -1 -1 -1 
-1 -1 -1 -1 -1 -1 -1 -1 -1 -1 -1 -1 322 -1 -1 -1 -1 -1 -1 -1 -1 -1 -1 -1 -1 -1 -1 -1 -1 -1 -1 -1 
278 279 -1 -1 -1 -1 -1 -1 -1 -1 -1 -1 -1 -1 -1 -1 -1 -1 -1 -1 -1 -1 -1 -1 -1 -1 -1 -1 -1 -1 -1 -1 
301 302 -1 278 279 -1 -1 -1 -1 -1 -1 -1 326 -1 -1 -1 -1 -1 -1 -1 -1 -1 -1 -1 -1 -1 -1 -1 -1 -1 -1 -1 
276 277 326 276 277 325 278 279 -1 -1 -1 -1 -1 -1 -1 -1 -1 -1 -1 -1 -1 -1 -1 -1 -1 -1 -1 -1 -1 -1 -1 278 
299 300 255 299 300 322 301 302 -1 -1 -1 -1 -1 -1 -1 -1 -1 -1 -1 -1 -1 -1 -1 -1 -1 -1 -1 -1 -1 -1 -1 301 
255 278 279 162 -1 209 276 277 -1 -1 -1 -1 -1 -1 -1 -1 -1 -1 278 279 -1 -1 -1 -1 -1 -1 -1 -1 -1 278 279 276 
279 276 277 -1 278 279 299 300 -1 -1 -1 -1 278 279 -1 -1 -1 -1 301 302 278 279 -1 -1 278 279 -1 -1 -1 301 302 299 
302 299 300 209 301 302 278 279 -1 -1 -1 -1 301 302 -1 -1 278 279 276 277 276 277 278 279 301 302 278 279 209 276 277 163 
277 163 278 279 276 277 276 277 -1 -1 -1 -1 276 277 209 163 276 277 299 300 299 300 301 302 276 277 301 302 186 299 300 278 
300 -1 301 302 299 300 299 300 -1 -1 -1 -1 299 300 278 279 299 300 278 279 278 279 276 277 299 300 276 277 278 279 162 276 
-1 162 276 277 186 186 278 279 -1 -1 -1 -1 -1 162 276 277 278 279 301 302 276 277 299 300 278 279 299 300 276 277 323 299 0 