32
18
1

47 1 47 1 47 1 47 1 47 1 47 1 47 1 47 1 47 1 47 1 47 1 47 1 47 1 47 1 47 1 47 1 47 1 47 1 47 1 47 1 47 1 47 1 47 1 47 1 47 1 47 1 47 1 47 1 47 1 47 1 47 1 47 1 
47 1 47 0 47 0 47 0 47 0 47 0 47 0 73 1 73 1 73 1 73 1 73 1 73 1 73 1 73 1 73 1 73 1 47 0 47 0 47 0 47 0 73 1 73 1 73 1 73 1 73 1 73 1 73 1 47 0 47 0 47 0 47 1 
47 1 47 0 47 0 47 0 47 0 47 0 47 0 73 1 47 0 47 0 47 0 47 0 47 0 47 0 47 0 47 0 73 1 47 0 47 0 47 0 47 0 73 1 47 0 47 0 47 0 47 0 47 0 73 1 47 0 47 0 47 0 47 1 
47 1 47 0 47 0 47 0 47 0 47 0 47 0 73 1 47 0 47 0 47 0 47 0 47 0 47 0 47 0 47 0 73 1 73 1 73 1 73 1 73 1 73 1 47 0 47 0 47 0 47 0 47 0 73 1 47 0 47 0 47 0 47 1 
47 1 47 0 47 0 47 0 47 0 47 0 47 0 73 1 47 0 47 0 47 0 47 0 47 0 47 0 47 0 47 0 73 1 47 0 47 0 47 0 47 0 73 1 47 0 47 0 47 0 47 0 47 0 73 1 47 0 47 0 47 0 47 1 
47 1 47 0 47 0 47 0 47 0 47 0 47 0 73 1 73 1 73 1 73 1 73 1 73 1 73 1 73 1 73 1 73 1 47 0 47 0 47 0 47 0 73 1 73 1 73 1 73 1 73 1 73 1 73 1 47 0 47 0 47 0 47 1 
47 1 47 0 47 0 47 0 47 0 47 0 47 0 47 0 47 0 47 0 47 0 47 0 47 0 47 0 47 0 47 0 47 0 47 0 47 0 47 0 47 0 47 0 47 0 47 0 47 0 47 0 47 0 47 0 47 0 47 0 47 0 47 1 
47 1 47 0 47 0 47 0 47 0 47 0 47 0 47 0 47 0 47 0 47 0 47 0 47 0 47 0 47 0 47 0 47 0 47 0 47 0 47 0 47 0 47 0 47 0 47 0 47 0 47 0 47 0 47 0 47 0 47 0 47 0 47 1 
47 1 47 0 47 0 47 0 47 0 47 0 47 0 47 0 47 0 47 0 47 0 47 0 47 0 47 0 47 0 47 0 47 0 47 0 47 0 47 1 47 0 47 0 47 0 47 0 47 0 47 0 47 0 47 0 47 0 47 0 47 0 47 1 
47 1 47 0 47 0 47 0 47 0 47 0 47 0 47 0 47 0 47 0 47 0 47 0 47 0 47 0 47 0 118 0 119 0 120 0 47 0 47 0 47 0 47 0 47 0 47 0 47 0 47 0 47 0 47 0 47 0 47 0 47 0 47 1 
47 1 47 0 47 0 47 0 47 0 47 0 47 0 47 0 47 0 47 0 118 0 119 0 119 0 119 0 119 0 309 0 168 0 143 0 47 0 47 0 47 0 47 0 47 0 47 0 47 0 47 0 47 0 47 0 47 0 47 0 47 0 47 1 
47 1 47 0 47 0 47 0 47 0 47 0 47 0 47 0 47 0 118 0 168 0 168 0 168 0 168 0 168 0 168 0 168 0 143 0 47 0 47 0 47 0 47 0 47 0 47 0 47 0 47 0 47 0 47 0 47 0 47 0 47 0 47 1 
47 1 47 0 47 0 47 0 47 0 47 0 47 0 47 0 47 0 141 0 168 0 168 0 168 1 168 0 168 0 168 0 168 0 143 0 47 0 47 0 47 0 47 0 47 0 47 0 47 0 47 0 47 0 47 0 47 0 47 0 47 0 47 1 
47 1 47 0 47 0 47 0 47 0 47 0 47 0 47 0 118 0 168 0 168 0 168 0 168 0 168 0 168 0 168 0 168 1 143 0 47 0 47 0 47 0 47 0 47 0 47 0 47 0 47 0 47 0 47 0 47 0 47 0 47 0 47 1 
47 1 47 0 47 0 47 0 47 0 47 0 47 0 47 0 141 0 168 0 168 0 168 0 168 0 168 0 168 0 168 0 168 0 143 0 47 0 47 0 47 0 47 0 47 0 47 0 47 0 47 0 47 0 47 0 47 0 47 0 47 0 47 1 
47 1 47 0 47 0 47 0 47 0 47 0 47 0 47 0 141 0 168 0 168 0 168 0 168 0 168 0 168 0 168 0 168 0 143 0 47 0 47 0 47 0 47 0 47 0 47 0 47 0 47 0 47 0 47 0 47 0 47 0 47 0 47 1 
47 1 47 0 47 0 47 0 47 0 47 0 47 0 47 0 141 0 168 0 168 1 168 0 168 0 168 0 168 0 168 0 168 0 143 0 47 0 47 0 47 0 47 0 47 0 47 0 47 0 47 0 47 0 47 0 47 0 47 0 47 0 47 1 
47 1 47 0 47 0 47 0 47 0 47 0 47 0 118 0 168 0 168 0 168 0 168 0 168 0 168 0 168 0 168 0 168 1 143 0 47 0 47 0 47 0 47 0 47 0 47 0 47 0 47 0 47 0 47 0 47 0 47 0 47 0 47 1 
32
18
2

226 227 227 227 227 227 227 227 227 227 227 227 227 227 227 227 227 227 227 227 227 227 227 227 227 227 227 227 227 227 227 228 
229 -1 -1 -1 -1 -1 -1 -1 -1 -1 -1 278 279 -1 -1 -1 -1 -1 -1 -1 -1 -1 -1 -1 -1 -1 -1 -1 -1 -1 -1 229 
229 -1 -1 -1 -1 -1 -1 -1 -1 -1 -1 301 302 -1 -1 -1 -1 -1 -1 -1 -1 -1 -1 -1 -1 -1 -1 -1 -1 -1 -1 229 
229 -1 -1 -1 -1 -1 -1 -1 -1 255 -1 276 277 303 -1 -1 -1 -1 -1 -1 -1 -1 -1 -1 -1 -1 -1 -1 -1 -1 -1 229 
229 -1 -1 -1 -1 -1 -1 -1 -1 303 -1 299 300 -1 -1 -1 -1 -1 -1 -1 -1 -1 -1 -1 -1 -1 -1 -1 -1 -1 231 229 
229 -1 -1 322 -1 -1 -1 -1 -1 -1 -1 -1 -1 -1 -1 -1 -1 -1 -1 -1 -1 -1 -1 -1 -1 -1 -1 -1 -1 -1 231 229 
229 -1 -1 322 322 -1 -1 -1 -1 -1 -1 -1 -1 -1 -1 -1 -1 -1 -1 -1 -1 -1 -1 -1 -1 -1 -1 -1 -1 -1 -1 229 
229 -1 -1 -1 -1 -1 -1 -1 255 -1 -1 -1 -1 -1 -1 -1 -1 -1 -1 -1 -1 -1 -1 -1 -1 -1 -1 -1 -1 -1 -1 229 
229 -1 186 -1 -1 -1 -1 -1 -1 -1 -1 -1 -1 -1 -1 -1 -1 -1 -1 162 -1 -1 -1 -1 -1 -1 -1 -1 -1 -1 -1 229 
229 -1 186 -1 -1 -1 322 -1 -1 -1 -1 -1 -1 -1 -1 -1 -1 -1 -1 -1 -1 -1 -1 -1 -1 231 -1 -1 322 -1 -1 229 
229 -1 -1 186 -1 -1 -1 -1 -1 -1 -1 -1 -1 -1 -1 -1 -1 -1 -1 255 -1 -1 186 -1 -1 -1 -1 -1 -1 -1 -1 229 
229 -1 -1 186 186 -1 -1 -1 -1 -1 -1 -1 -1 -1 -1 -1 -1 -1 -1 -1 -1 -1 186 -1 -1 -1 -1 -1 -1 -1 -1 229 
229 -1 -1 -1 -1 -1 -1 -1 -1 -1 -1 -1 233 -1 -1 -1 -1 -1 -1 255 -1 -1 -1 -1 -1 -1 186 -1 -1 -1 -1 229 
229 -1 -1 -1 -1 -1 -1 -1 -1 -1 -1 -1 -1 -1 -1 -1 253 -1 -1 -1 -1 -1 -1 -1 -1 -1 -1 -1 -1 -1 -1 229 
229 -1 -1 -1 -1 -1 -1 -1 -1 -1 -1 -1 -1 -1 -1 -1 -1 -1 -1 -1 -1 -1 -1 322 186 -1 -1 186 -1 -1 -1 229 
229 -1 -1 -1 -1 -1 -1 -1 -1 -1 -1 -1 -1 -1 -1 -1 -1 -1 -1 -1 -1 -1 -1 -1 -1 -1 -1 -1 322 -1 -1 229 
229 -1 -1 -1 -1 -1 -1 -1 -1 -1 253 -1 -1 -1 -1 -1 -1 -1 -1 -1 -1 -1 -1 -1 -1 -1 -1 -1 -1 -1 -1 229 
229 -1 -1 -1 -1 -1 -1 -1 -1 -1 -1 -1 -1 -1 -1 -1 233 -1 -1 -1 -1 -1 -1 -1 -1 -1 -1 -1 -1 -1 -1 229 